255 255 255 255 255 255 255 255 255 255 255 255 255 255 255 255
255   0   0   0   0   0   0   0 255   0   0   0   0   0   0 255
255   0 255 255 255   0 255   0 255   0   0 255 255 255   0 255
255   0 255   0 191   0   0 255   0 255   0 191   0 255   0 255
255   0 255 191 239   0 191 191 255 255   0 239 191 255   0 255
255   0   0   0   0   0   0 255 255   0   0   0   0   0   0 255
255   0   0   0 255   0   0 255 255 255 255 191   0 255   0 255
255   0   0   0 255 255   0   0 255   0 255 191   0   0   0 255
255 255 255 255   0 255   0   0 255   0 255   0   0   0 255 255
255   0 255 255  64   0   0 255   0 255   0  64 255   0 255 255
255   0   0   0   0   0 255   0 255 255 255   0   0 255 255 255
255   0 255 191 239   0 255 191   0  64 255 143   0 255  64 255
255   0 255   0 191   0   0   0 255 255 255 255   0   0 255 255
255   0 255 255 255   0   0 255   0   0   0 255   0 255   0 255
255   0   0   0   0   0   0 255   0   0 255 191 255 255 255 255
255 255 255 255 255 255 255 255 255 255 255 255 255 255 255 255
255 255 255 255 255 255 255 255 255 255 255 255 255 255 255 255
255   0   0   0   0   0   0   0 255   0   0   0   0   0   0 255
255   0 255 255 255   0 255   0 255   0   0 255 255 255   0 255
255   0 255   0 191   0   0 255   0 255   0 191   0 255   0 255
255   0 255 191 239   0 191 191 255 255   0 239 191 255   0 255
255   0   0   0   0   0   0 255 255   0   0   0   0   0   0 255
255   0   0   0 255   0   0 255 255 255 255 191   0 255   0 255
255   0   0   0 255 255   0   0 255   0 255 191   0   0   0 255
255 255 255 255   0 255   0   0 255   0 255   0   0   0 255 255
255   0 255 255  64   0   0 255   0 255   0  64 255   0 255 255
255   0   0   0   0   0 255   0 255 255 255   0   0 255 255 255
255   0 255 191 239   0 255 191   0  64 255 143   0 255  64 255
255   0 255   0 191   0   0   0 255 255 255 255   0   0 255 255
255   0 255 255 255   0   0 255   0   0   0 255   0 255   0 255
255   0   0   0   0   0   0 255   0   0 255 191 255 255 255 255
255 255 255 255 255 255 255 255 255 255 255 255 255 255 255 255
255 255 255 255 255 255 255 255 255 255 255 255 255 255 255 255
255   0   0   0   0   0   0   0 255   0   0   0   0   0   0 255
255   0 255 255 255   0 255   0 255   0   0 255 255 255   0 255
255   0 255   0 191   0   0 255   0 255   0 191   0 255   0 255
255   0 255 191 239   0 191 191 255 255   0 239 191 255   0 255
255   0   0   0   0   0   0 255 255   0   0   0   0   0   0 255
255   0   0   0 255   0   0 255 255 255 255 191   0 255   0 255
255   0   0   0 255 255   0   0 255   0 255 191   0   0   0 255
255 255 255 255   0 255   0   0 255   0 255   0   0   0 255 255
255   0 255 255  64   0   0 255   0 255   0  64 255   0 255 255
255   0   0   0   0   0 255   0 255 255 255   0   0 255 255 255
255   0 255 191 239   0 255 191   0  64 255 143   0 255  64 255
255   0 255   0 191   0   0   0 255 255 255 255   0   0 255 255
255   0 255 255 255   0   0 255   0   0   0 255   0 255   0 255
255   0   0   0   0   0   0 255   0   0 255 191 255 255 255 255
255 255 255 255 255 255 255 255 255 255 255 255 255 255 255 255

255 255 255 255 255 255 255 255 255 255 255 255 255 255 255 255
255  73  40  40  40  60 114  40 208 255 255 141 255 127 255 255
255  40 213 151 206  24 187  23 104 156 255 151   5 213 168 255
255  40 151   0 135  24  88  56  62 170   8   0   8 105 248 255
255  40 206 135 199  24 177 132  26 125  13  72 255 255 154 255
255  60  24  24  24  46 239 250 250 103 255 231 224  14 235 255
255 114  88 250 255 103 197  68  68 255 255  78 167 120  40 255
255 255 232  60 229 199 199 199 243  88 204  26 193  33  87 255
255  87 114 253 135 181 131  44  87 150   5 132   0 151 255 255
255 114 187  88 177 103 145  88  19  88 239 255  88  88 114 255
255  60  24  24  24  46 103 204 186 103  46  24  24  24  60 255
255  40 206 135 199  24 255 199   0 166  24 199 135 206  40 255
255  40 151   0 135  24  88  62 255 250  24 135   0 151  40 255
255  40 213 151 206  24  88 104 222 187  24 206 151 213  40 255
255  73  40  40  40  60 114  87 255 114  60  40  40  40  73 255
255 255 255 255 255 255 255 255 255 255 255 255 255 255 255 255
255 255 255 255 255 255 255 255 255 255 255 255 255 255 255 255
255  73  40  40  40  60 114  40 208 255 255 141 255 127 255 255
255  40 213 151 206  24 187  23 104 156 255 151   5 213 168 255
255  40 151   0 135  24  88  56  62 170   8   0   8 105 248 255
255  40 206 135 199  24 177 132  26 125  13  72 255 255 154 255
255  60  24  24  24  46 239 250 250 103 255 231 224  14 235 255
255 114  88 250 255 103 197  68  68 255 255  78 167 120  40 255
255 255 232  60 229 199 199 199 243  88 204  26 193  33  87 255
255  87 114 253 135 181 131  44  87 150   5 132   0 151 255 255
255 114 187  88 177 103 145  88  19  88 239 255  88  88 114 255
255  60  24  24  24  46 103 204 186 103  46  24  24  24  60 255
255  40 206 135 199  24 255 199   0 166  24 199 135 206  40 255
255  40 151   0 135  24  88  62 255 250  24 135   0 151  40 255
255  40 213 151 206  24  88 104 222 187  24 206 151 213  40 255
255  73  40  40  40  60 114  87 255 114  60  40  40  40  73 255
255 255 255 255 255 255 255 255 255 255 255 255 255 255 255 255
255 255 255 255 255 255 255 255 255 255 255 255 255 255 255 255
255  73  40  40  40  60 114  40 208 255 255 141 255 127 255 255
255  40 213 151 206  24 187  23 104 156 255 151   5 213 168 255
255  40 151   0 135  24  88  56  62 170   8   0   8 105 248 255
255  40 206 135 199  24 177 132  26 125  13  72 255 255 154 255
255  60  24  24  24  46 239 250 250 103 255 231 224  14 235 255
255 114  88 250 255 103 197  68  68 255 255  78 167 120  40 255
255 255 232  60 229 199 199 199 243  88 204  26 193  33  87 255
255  87 114 253 135 181 131  44  87 150   5 132   0 151 255 255
255 114 187  88 177 103 145  88  19  88 239 255  88  88 114 255
255  60  24  24  24  46 103 204 186 103  46  24  24  24  60 255
255  40 206 135 199  24 255 199   0 166  24 199 135 206  40 255
255  40 151   0 135  24  88  62 255 250  24 135   0 151  40 255
255  40 213 151 206  24  88 104 222 187  24 206 151 213  40 255
255  73  40  40  40  60 114  87 255 114  60  40  40  40  73 255
255 255 255 255 255 255 255 255 255 255 255 255 255 255 255 255

255 255 255 255 255 255 255 255 255 255 255 255 255 255 255 255
255 255 168 248 154 235  40  87 255 114  60  40  40  40  73 255
255 127 213 105 255  14 120  33 151  88  24 206 151 213  40 255
255 255   5   8 255 224 167 193   0  88  24 135   0 151  40 255
255 141 151   0  72 231  78  26 132 255  24 199 135 206  40 255
255 255 255   8  13 255 255 204   5 239  46  24  24  24  60 255
255 255 156 170 125 103 255  88 150  88 103 166 250 187 114 255
255 208 104  62  26 250  68 243  87  19 186   0 255 222 255 255
255  40  23  56 132 250  68 199  44  88 204 199  62 104  87 255
255 114 187  88 177 239 197 199 131 145 103 255  88  88 114 255
255  60  24  24  24  46 103 199 181 103  46  24  24  24  60 255
255  40 206 135 199  24 255 229 135 177  24 199 135 206  40 255
255  40 151   0 135  24 250  60 253  88  24 135   0 151  40 255
255  40 213 151 206  24  88 232 114 187  24 206 151 213  40 255
255  73  40  40  40  60 114 255  87 114  60  40  40  40  73 255
255 255 255 255 255 255 255 255 255 255 255 255 255 255 255 255
255 255 255 255 255 255 255 255 255 255 255 255 255 255 255 255
255 255 168 248 154 235  40  87 255 114  60  40  40  40  73 255
255 127 213 105 255  14 120  33 151  88  24 206 151 213  40 255
255 255   5   8 255 224 167 193   0  88  24 135   0 151  40 255
255 141 151   0  72 231  78  26 132 255  24 199 135 206  40 255
255 255 255   8  13 255 255 204   5 239  46  24  24  24  60 255
255 255 156 170 125 103 255  88 150  88 103 166 250 187 114 255
255 208 104  62  26 250  68 243  87  19 186   0 255 222 255 255
255  40  23  56 132 250  68 199  44  88 204 199  62 104  87 255
255 114 187  88 177 239 197 199 131 145 103 255  88  88 114 255
255  60  24  24  24  46 103 199 181 103  46  24  24  24  60 255
255  40 206 135 199  24 255 229 135 177  24 199 135 206  40 255
255  40 151   0 135  24 250  60 253  88  24 135   0 151  40 255
255  40 213 151 206  24  88 232 114 187  24 206 151 213  40 255
255  73  40  40  40  60 114 255  87 114  60  40  40  40  73 255
255 255 255 255 255 255 255 255 255 255 255 255 255 255 255 255
255 255 255 255 255 255 255 255 255 255 255 255 255 255 255 255
255 255 168 248 154 235  40  87 255 114  60  40  40  40  73 255
255 127 213 105 255  14 120  33 151  88  24 206 151 213  40 255
255 255   5   8 255 224 167 193   0  88  24 135   0 151  40 255
255 141 151   0  72 231  78  26 132 255  24 199 135 206  40 255
255 255 255   8  13 255 255 204   5 239  46  24  24  24  60 255
255 255 156 170 125 103 255  88 150  88 103 166 250 187 114 255
255 208 104  62  26 250  68 243  87  19 186   0 255 222 255 255
255  40  23  56 132 250  68 199  44  88 204 199  62 104  87 255
255 114 187  88 177 239 197 199 131 145 103 255  88  88 114 255
255  60  24  24  24  46 103 199 181 103  46  24  24  24  60 255
255  40 206 135 199  24 255 229 135 177  24 199 135 206  40 255
255  40 151   0 135  24 250  60 253  88  24 135   0 151  40 255
255  40 213 151 206  24  88 232 114 187  24 206 151 213  40 255
255  73  40  40  40  60 114 255  87 114  60  40  40  40  73 255
255 255 255 255 255 255 255 255 255 255 255 255 255 255 255 255

255 255 255 255 255 255 255 255 255 255 255 255 255 255 255 255
255  73  40  40  40  60 114 255  87 114  60  40  40  40  73 255
255  40 213 151 206  24 187 222 104  88  24 206 151 213  40 255
255  40 151   0 135  24 250 255  62  88  24 135   0 151  40 255
255  40 206 135 199  24 166   0 199 255  24 199 135 206  40 255
255  60  24  24  24  46 103 186 204 103  46  24  24  24  60 255
255 114  88  88 255 239  88  19  88 145 103 177  88 187 114 255
255 255 151   0 132   5 150  87  44 131 181 135 253 114  87 255
255  87  33 193  26 204  88 243 199 199 199 229  60 232 255 255
255  40 120 167  78 255 255  68  68 197 103 255 250  88 114 255
255 235  14 224 231 255 103 250 250 239  46  24  24  24  60 255
255 154 255 255  72  13 125  26 132 177  24 199 135 206  40 255
255 248 105   8   0   8 170  62  56  88  24 135   0 151  40 255
255 168 213   5 151 255 156 104  23 187  24 206 151 213  40 255
255 255 127 255 141 255 255 208  40 114  60  40  40  40  73 255
255 255 255 255 255 255 255 255 255 255 255 255 255 255 255 255
255 255 255 255 255 255 255 255 255 255 255 255 255 255 255 255
255  73  40  40  40  60 114 255  87 114  60  40  40  40  73 255
255  40 213 151 206  24 187 222 104  88  24 206 151 213  40 255
255  40 151   0 135  24 250 255  62  88  24 135   0 151  40 255
255  40 206 135 199  24 166   0 199 255  24 199 135 206  40 255
255  60  24  24  24  46 103 186 204 103  46  24  24  24  60 255
255 114  88  88 255 239  88  19  88 145 103 177  88 187 114 255
255 255 151   0 132   5 150  87  44 131 181 135 253 114  87 255
255  87  33 193  26 204  88 243 199 199 199 229  60 232 255 255
255  40 120 167  78 255 255  68  68 197 103 255 250  88 114 255
255 235  14 224 231 255 103 250 250 239  46  24  24  24  60 255
255 154 255 255  72  13 125  26 132 177  24 199 135 206  40 255
255 248 105   8   0   8 170  62  56  88  24 135   0 151  40 255
255 168 213   5 151 255 156 104  23 187  24 206 151 213  40 255
255 255 127 255 141 255 255 208  40 114  60  40  40  40  73 255
255 255 255 255 255 255 255 255 255 255 255 255 255 255 255 255
255 255 255 255 255 255 255 255 255 255 255 255 255 255 255 255
255  73  40  40  40  60 114 255  87 114  60  40  40  40  73 255
255  40 213 151 206  24 187 222 104  88  24 206 151 213  40 255
255  40 151   0 135  24 250 255  62  88  24 135   0 151  40 255
255  40 206 135 199  24 166   0 199 255  24 199 135 206  40 255
255  60  24  24  24  46 103 186 204 103  46  24  24  24  60 255
255 114  88  88 255 239  88  19  88 145 103 177  88 187 114 255
255 255 151   0 132   5 150  87  44 131 181 135 253 114  87 255
255  87  33 193  26 204  88 243 199 199 199 229  60 232 255 255
255  40 120 167  78 255 255  68  68 197 103 255 250  88 114 255
255 235  14 224 231 255 103 250 250 239  46  24  24  24  60 255
255 154 255 255  72  13 125  26 132 177  24 199 135 206  40 255
255 248 105   8   0   8 170  62  56  88  24 135   0 151  40 255
255 168 213   5 151 255 156 104  23 187  24 206 151 213  40 255
255 255 127 255 141 255 255 208  40 114  60  40  40  40  73 255
255 255 255 255 255 255 255 255 255 255 255 255 255 255 255 255
