255 255 255 255 255 255 255 255 255 255 255 255 255 255 255 255
255   0   0   0   0   0   0   0   0   0   0   0   0   0   0 255
255   0 255 255 255   0   0   0   0   0   0 255 255 255   0 255
255   0 255   0 191   0 255   0   0   0   0 191   0 255   0 255
255   0 255 191 239   0   0 255 255 191   0 239 191 255   0 255
255   0   0   0   0   0   0 255 255   0   0   0   0   0   0 255
255   0   0 255  64   0   0   0   0   0   0   0 255   0   0 255
255 255 255   0   0 255 255   0 255 255   0 191   0 255   0 255
255 255   0   0 255 255   0   0 255   0 255 191   0   0 255 255
255   0 255 255 191   0 255   0 255 255   0 255   0   0   0 255
255   0   0   0   0   0 255   0   0   0 255 191 255 255   0 255
255   0 255 191 239   0  64 191   0 191   0  64   0 191 255 255
255   0 255   0 191   0 255 255 255 255 255 191 255 255 255 255
255   0 255 255 255   0   0   0 255   0 255 255   0 255 255 255
255   0   0   0   0   0   0 255 255 255   0 255   0 255   0 255
255 255 255 255 255 255 255 255 255 255 255 255 255 255 255 255
255 255 255 255 255 255 255 255 255 255 255 255 255 255 255 255
255   0   0   0   0   0   0   0   0   0   0   0   0   0   0 255
255   0 255 255 255   0   0   0   0   0   0 255 255 255   0 255
255   0 255   0 191   0 255   0   0   0   0 191   0 255   0 255
255   0 255 191 239   0   0 255 255 191   0 239 191 255   0 255
255   0   0   0   0   0   0 255 255   0   0   0   0   0   0 255
255   0   0 255  64   0   0   0   0   0   0   0 255   0   0 255
255 255 255   0   0 255 255   0 255 255   0 191   0 255   0 255
255 255   0   0 255 255   0   0 255   0 255 191   0   0 255 255
255   0 255 255 191   0 255   0 255 255   0 255   0   0   0 255
255   0   0   0   0   0 255   0   0   0 255 191 255 255   0 255
255   0 255 191 239   0  64 191   0 191   0  64   0 191 255 255
255   0 255   0 191   0 255 255 255 255 255 191 255 255 255 255
255   0 255 255 255   0   0   0 255   0 255 255   0 255 255 255
255   0   0   0   0   0   0 255 255 255   0 255   0 255   0 255
255 255 255 255 255 255 255 255 255 255 255 255 255 255 255 255
255 255 255 255 255 255 255 255 255 255 255 255 255 255 255 255
255   0   0   0   0   0   0   0   0   0   0   0   0   0   0 255
255   0 255 255 255   0   0   0   0   0   0 255 255 255   0 255
255   0 255   0 191   0 255   0   0   0   0 191   0 255   0 255
255   0 255 191 239   0   0 255 255 191   0 239 191 255   0 255
255   0   0   0   0   0   0 255 255   0   0   0   0   0   0 255
255   0   0 255  64   0   0   0   0   0   0   0 255   0   0 255
255 255 255   0   0 255 255   0 255 255   0 191   0 255   0 255
255 255   0   0 255 255   0   0 255   0 255 191   0   0 255 255
255   0 255 255 191   0 255   0 255 255   0 255   0   0   0 255
255   0   0   0   0   0 255   0   0   0 255 191 255 255   0 255
255   0 255 191 239   0  64 191   0 191   0  64   0 191 255 255
255   0 255   0 191   0 255 255 255 255 255 191 255 255 255 255
255   0 255 255 255   0   0   0 255   0 255 255   0 255 255 255
255   0   0   0   0   0   0 255 255 255   0 255   0 255   0 255
255 255 255 255 255 255 255 255 255 255 255 255 255 255 255 255

255 255 255 255 255 255 255 255 255 255 255 255 255 255 255 255
255  73  40  40  40  60 114  40 208  40  40 255 248 168  73 255
255  40 213 151 206  24 156 151 114 120 245 184 247 151 255 255
255  40 151   0 135  24 255   0   6  90 254   8 255 105  47 255
255  40 206 135 199  24  88 135 135 214 135 120 135 206 255 255
255  60  24  24  24  46  88  56 255   0 209   0 248 161  60 255
255 114 156  93 177 103  88 187 124 167  16  89 255 156 255 255
255  40  33  54 225 181   0 211 211 187   5  56 253 232 255 255
255  40  33  54 225 181   0  56  56 124  24 162 247  33 255 255
255 114 156 255  88  88  88 218  88 140 239 166 250  88 114 255
255  60  24  24  24  46 103 204 204  88  46  24  24  24  60 255
255  40 206 135 199  24 166  26 225 177  24 199 135 206  40 255
255  40 151   0 135  24 250  54  54 250  24 135   0 151  40 255
255  40 213 151 206  24  88 151  33 187  24 206 151 213  40 255
255  73  40  40  40  60 114 208 208 114  60  40  40  40  73 255
255 255 255 255 255 255 255 255 255 255 255 255 255 255 255 255
255 255 255 255 255 255 255 255 255 255 255 255 255 255 255 255
255  73  40  40  40  60 114  40 208  40  40 255 248 168  73 255
255  40 213 151 206  24 156 151 114 120 245 184 247 151 255 255
255  40 151   0 135  24 255   0   6  90 254   8 255 105  47 255
255  40 206 135 199  24  88 135 135 214 135 120 135 206 255 255
255  60  24  24  24  46  88  56 255   0 209   0 248 161  60 255
255 114 156  93 177 103  88 187 124 167  16  89 255 156 255 255
255  40  33  54 225 181   0 211 211 187   5  56 253 232 255 255
255  40  33  54 225 181   0  56  56 124  24 162 247  33 255 255
255 114 156 255  88  88  88 218  88 140 239 166 250  88 114 255
255  60  24  24  24  46 103 204 204  88  46  24  24  24  60 255
255  40 206 135 199  24 166  26 225 177  24 199 135 206  40 255
255  40 151   0 135  24 250  54  54 250  24 135   0 151  40 255
255  40 213 151 206  24  88 151  33 187  24 206 151 213  40 255
255  73  40  40  40  60 114 208 208 114  60  40  40  40  73 255
255 255 255 255 255 255 255 255 255 255 255 255 255 255 255 255
255 255 255 255 255 255 255 255 255 255 255 255 255 255 255 255
255  73  40  40  40  60 114  40 208  40  40 255 248 168  73 255
255  40 213 151 206  24 156 151 114 120 245 184 247 151 255 255
255  40 151   0 135  24 255   0   6  90 254   8 255 105  47 255
255  40 206 135 199  24  88 135 135 214 135 120 135 206 255 255
255  60  24  24  24  46  88  56 255   0 209   0 248 161  60 255
255 114 156  93 177 103  88 187 124 167  16  89 255 156 255 255
255  40  33  54 225 181   0 211 211 187   5  56 253 232 255 255
255  40  33  54 225 181   0  56  56 124  24 162 247  33 255 255
255 114 156 255  88  88  88 218  88 140 239 166 250  88 114 255
255  60  24  24  24  46 103 204 204  88  46  24  24  24  60 255
255  40 206 135 199  24 166  26 225 177  24 199 135 206  40 255
255  40 151   0 135  24 250  54  54 250  24 135   0 151  40 255
255  40 213 151 206  24  88 151  33 187  24 206 151 213  40 255
255  73  40  40  40  60 114 208 208 114  60  40  40  40  73 255
255 255 255 255 255 255 255 255 255 255 255 255 255 255 255 255

255 255 255 255 255 255 255 255 255 255 255 255 255 255 255 255
255  73 255  47 255  60 255 255 255 114  60  40  40  40  73 255
255 168 151 105 206 161 156 232  33  88  24 206 151 213  40 255
255 248 247 255 135 248 255 253 247 250  24 135   0 151  40 255
255 255 184   8 120   0  89  56 162 166  24 199 135 206  40 255
255  40 245 254 135 209  16   5  24 239  46  24  24  24  60 255
255  40 120  90 214   0 167 187 124 140  88 177 250 187 114 255
255 208 114   6 135 255 124 211  56  88 204 225  54  33 208 255
255  40 151   0 135  56 187 211  56 218 204  26  54 151 208 255
255 114 156 255  88  88  88   0   0  88 103 166 250  88 114 255
255  60  24  24  24  46 103 181 181  88  46  24  24  24  60 255
255  40 206 135 199  24 177 225 225  88  24 199 135 206  40 255
255  40 151   0 135  24  93  54  54 255  24 135   0 151  40 255
255  40 213 151 206  24 156  33  33 156  24 206 151 213  40 255
255  73  40  40  40  60 114  40  40 114  60  40  40  40  73 255
255 255 255 255 255 255 255 255 255 255 255 255 255 255 255 255
255 255 255 255 255 255 255 255 255 255 255 255 255 255 255 255
255  73 255  47 255  60 255 255 255 114  60  40  40  40  73 255
255 168 151 105 206 161 156 232  33  88  24 206 151 213  40 255
255 248 247 255 135 248 255 253 247 250  24 135   0 151  40 255
255 255 184   8 120   0  89  56 162 166  24 199 135 206  40 255
255  40 245 254 135 209  16   5  24 239  46  24  24  24  60 255
255  40 120  90 214   0 167 187 124 140  88 177 250 187 114 255
255 208 114   6 135 255 124 211  56  88 204 225  54  33 208 255
255  40 151   0 135  56 187 211  56 218 204  26  54 151 208 255
255 114 156 255  88  88  88   0   0  88 103 166 250  88 114 255
255  60  24  24  24  46 103 181 181  88  46  24  24  24  60 255
255  40 206 135 199  24 177 225 225  88  24 199 135 206  40 255
255  40 151   0 135  24  93  54  54 255  24 135   0 151  40 255
255  40 213 151 206  24 156  33  33 156  24 206 151 213  40 255
255  73  40  40  40  60 114  40  40 114  60  40  40  40  73 255
255 255 255 255 255 255 255 255 255 255 255 255 255 255 255 255
255 255 255 255 255 255 255 255 255 255 255 255 255 255 255 255
255  73 255  47 255  60 255 255 255 114  60  40  40  40  73 255
255 168 151 105 206 161 156 232  33  88  24 206 151 213  40 255
255 248 247 255 135 248 255 253 247 250  24 135   0 151  40 255
255 255 184   8 120   0  89  56 162 166  24 199 135 206  40 255
255  40 245 254 135 209  16   5  24 239  46  24  24  24  60 255
255  40 120  90 214   0 167 187 124 140  88 177 250 187 114 255
255 208 114   6 135 255 124 211  56  88 204 225  54  33 208 255
255  40 151   0 135  56 187 211  56 218 204  26  54 151 208 255
255 114 156 255  88  88  88   0   0  88 103 166 250  88 114 255
255  60  24  24  24  46 103 181 181  88  46  24  24  24  60 255
255  40 206 135 199  24 177 225 225  88  24 199 135 206  40 255
255  40 151   0 135  24  93  54  54 255  24 135   0 151  40 255
255  40 213 151 206  24 156  33  33 156  24 206 151 213  40 255
255  73  40  40  40  60 114  40  40 114  60  40  40  40  73 255
255 255 255 255 255 255 255 255 255 255 255 255 255 255 255 255

255 255 255 255 255 255 255 255 255 255 255 255 255 255 255 255
255  73  40  40  40  60 114 208 208 114  60  40  40  40  73 255
255  40 213 151 206  24 187  33 151  88  24 206 151 213  40 255
255  40 151   0 135  24 250  54  54 250  24 135   0 151  40 255
255  40 206 135 199  24 177 225  26 166  24 199 135 206  40 255
255  60  24  24  24  46  88 204 204 103  46  24  24  24  60 255
255 114  88 250 166 239 140  88 218  88  88  88 255 156 114 255
255 255  33 247 162  24 124  56  56   0 181 225  54  33  40 255
255 255 232 253  56   5 187 211 211   0 181 225  54  33  40 255
255 255 156 255  89  16 167 124 187  88 103 177  93 156 114 255
255  60 161 248   0 209   0 255  56  88  46  24  24  24  60 255
255 255 206 135 120 135 214 135 135  88  24 199 135 206  40 255
255  47 105 255   8 254  90   6   0 255  24 135   0 151  40 255
255 255 151 247 184 245 120 114 151 156  24 206 151 213  40 255
255  73 168 248 255  40  40 208  40 114  60  40  40  40  73 255
255 255 255 255 255 255 255 255 255 255 255 255 255 255 255 255
255 255 255 255 255 255 255 255 255 255 255 255 255 255 255 255
255  73  40  40  40  60 114 208 208 114  60  40  40  40  73 255
255  40 213 151 206  24 187  33 151  88  24 206 151 213  40 255
255  40 151   0 135  24 250  54  54 250  24 135   0 151  40 255
255  40 206 135 199  24 177 225  26 166  24 199 135 206  40 255
255  60  24  24  24  46  88 204 204 103  46  24  24  24  60 255
255 114  88 250 166 239 140  88 218  88  88  88 255 156 114 255
255 255  33 247 162  24 124  56  56   0 181 225  54  33  40 255
255 255 232 253  56   5 187 211 211   0 181 225  54  33  40 255
255 255 156 255  89  16 167 124 187  88 103 177  93 156 114 255
255  60 161 248   0 209   0 255  56  88  46  24  24  24  60 255
255 255 206 135 120 135 214 135 135  88  24 199 135 206  40 255
255  47 105 255   8 254  90   6   0 255  24 135   0 151  40 255
255 255 151 247 184 245 120 114 151 156  24 206 151 213  40 255
255  73 168 248 255  40  40 208  40 114  60  40  40  40  73 255
255 255 255 255 255 255 255 255 255 255 255 255 255 255 255 255
255 255 255 255 255 255 255 255 255 255 255 255 255 255 255 255
255  73  40  40  40  60 114 208 208 114  60  40  40  40  73 255
255  40 213 151 206  24 187  33 151  88  24 206 151 213  40 255
255  40 151   0 135  24 250  54  54 250  24 135   0 151  40 255
255  40 206 135 199  24 177 225  26 166  24 199 135 206  40 255
255  60  24  24  24  46  88 204 204 103  46  24  24  24  60 255
255 114  88 250 166 239 140  88 218  88  88  88 255 156 114 255
255 255  33 247 162  24 124  56  56   0 181 225  54  33  40 255
255 255 232 253  56   5 187 211 211   0 181 225  54  33  40 255
255 255 156 255  89  16 167 124 187  88 103 177  93 156 114 255
255  60 161 248   0 209   0 255  56  88  46  24  24  24  60 255
255 255 206 135 120 135 214 135 135  88  24 199 135 206  40 255
255  47 105 255   8 254  90   6   0 255  24 135   0 151  40 255
255 255 151 247 184 245 120 114 151 156  24 206 151 213  40 255
255  73 168 248 255  40  40 208  40 114  60  40  40  40  73 255
255 255 255 255 255 255 255 255 255 255 255 255 255 255 255 255
