255 255 255 255 255 255 255 255 255 255 255 255 255 255 255 255
255   0   0   0   0   0 255   0 255   0   0   0   0   0   0 255
255   0 255 255 255   0   0 255   0 255   0 255 255 255   0 255
255   0 255   0 191   0   0 255   0 255   0 191   0 255   0 255
255   0 255 191 239   0  64  64 191   0   0 239 191 255   0 255
255   0   0   0   0   0   0 255 255   0   0   0   0   0   0 255
255   0   0   0 191   0   0   0 255   0 255  64   0   0 255 255
255 255   0   0 191 255 255 255 255   0 255  64 255 255   0 255
255 255 255   0   0 255   0 255 255 255 255   0   0   0   0 255
255 255   0 255 255   0   0   0   0 255 255 191   0 255 255 255
255   0   0   0   0   0   0   0 255   0   0  64 255   0 255 255
255   0 255 191 239   0 191 191  64   0  64 159 255 191  64 255
255   0 255   0 191   0   0 255 255   0 255   0 255 255 255 255
255   0 255 255 255   0   0   0 255 255 255 255   0 255 255 255
255   0   0   0   0   0   0   0   0 255 255  64 255   0 255 255
255 255 255 255 255 255 255 255 255 255 255 255 255 255 255 255
255 255 255 255 255 255 255 255 255 255 255 255 255 255 255 255
255   0   0   0   0   0 255   0 255   0   0   0   0   0   0 255
255   0 255 255 255   0   0 255   0 255   0 255 255 255   0 255
255   0 255   0 191   0   0 255   0 255   0 191   0 255   0 255
255   0 255 191 239   0  64  64 191   0   0 239 191 255   0 255
255   0   0   0   0   0   0 255 255   0   0   0   0   0   0 255
255   0   0   0 191   0   0   0 255   0 255  64   0   0 255 255
255 255   0   0 191 255 255 255 255   0 255  64 255 255   0 255
255 255 255   0   0 255   0 255 255 255 255   0   0   0   0 255
255 255   0 255 255   0   0   0   0 255 255 191   0 255 255 255
255   0   0   0   0   0   0   0 255   0   0  64 255   0 255 255
255   0 255 191 239   0 191 191  64   0  64 159 255 191  64 255
255   0 255   0 191   0   0 255 255   0 255   0 255 255 255 255
255   0 255 255 255   0   0   0 255 255 255 255   0 255 255 255
255   0   0   0   0   0   0   0   0 255 255  64 255   0 255 255
255 255 255 255 255 255 255 255 255 255 255 255 255 255 255 255
255 255 255 255 255 255 255 255 255 255 255 255 255 255 255 255
255   0   0   0   0   0 255   0 255   0   0   0   0   0   0 255
255   0 255 255 255   0   0 255   0 255   0 255 255 255   0 255
255   0 255   0 191   0   0 255   0 255   0 191   0 255   0 255
255   0 255 191 239   0  64  64 191   0   0 239 191 255   0 255
255   0   0   0   0   0   0 255 255   0   0   0   0   0   0 255
255   0   0   0 191   0   0   0 255   0 255  64   0   0 255 255
255 255   0   0 191 255 255 255 255   0 255  64 255 255   0 255
255 255 255   0   0 255   0 255 255 255 255   0   0   0   0 255
255 255   0 255 255   0   0   0   0 255 255 191   0 255 255 255
255   0   0   0   0   0   0   0 255   0   0  64 255   0 255 255
255   0 255 191 239   0 191 191  64   0  64 159 255 191  64 255
255   0 255   0 191   0   0 255 255   0 255   0 255 255 255 255
255   0 255 255 255   0   0   0 255 255 255 255   0 255 255 255
255   0   0   0   0   0   0   0   0 255 255  64 255   0 255 255
255 255 255 255 255 255 255 255 255 255 255 255 255 255 255 255

255 255 255 255 255 255 255 255 255 255 255 255 255 255 255 255
255  73  40  40  40  60 255  87  87 181 235 141 255 255 255 255
255  40 213 151 206  24 156 118   0 219 108 129 151 151 127 255
255  40 151   0 135  24  93 193   0  90 254 251 247 100 255 255
255  40 206 135 199  24 166 123  30 130 120 128   8 255 141 255
255  60  24  24  24  46 239 250 250 152  22 120 254 245 235 255
255 114 255 255  88  88  30 105 236 110  79  41  90 219 181 255
255 255 137  62 106 181 167 168 211  56 186 123 249 141  87 255
255  87 174 249  93 199 105 168 211  56   5 135 255 104  87 255
255 255 156  93 166 103  88 199  68  30  88 177  88  88 114 255
255  60  24  24  24  46  88 199 199  88  46  24  24  24  60 255
255  40 206 135 199  24 177 162  56 255  24 199 135 206  40 255
255  40 151   0 135  24  88  56  62 250  24 135   0 151  40 255
255  40 213 151 206  24  88  56 255  88  24 206 151 213  40 255
255  73  40  40  40  60 114 208 208 255  60  40  40  40  73 255
255 255 255 255 255 255 255 255 255 255 255 255 255 255 255 255
255 255 255 255 255 255 255 255 255 255 255 255 255 255 255 255
255  73  40  40  40  60 255  87  87 181 235 141 255 255 255 255
255  40 213 151 206  24 156 118   0 219 108 129 151 151 127 255
255  40 151   0 135  24  93 193   0  90 254 251 247 100 255 255
255  40 206 135 199  24 166 123  30 130 120 128   8 255 141 255
255  60  24  24  24  46 239 250 250 152  22 120 254 245 235 255
255 114 255 255  88  88  30 105 236 110  79  41  90 219 181 255
255 255 137  62 106 181 167 168 211  56 186 123 249 141  87 255
255  87 174 249  93 199 105 168 211  56   5 135 255 104  87 255
255 255 156  93 166 103  88 199  68  30  88 177  88  88 114 255
255  60  24  24  24  46  88 199 199  88  46  24  24  24  60 255
255  40 206 135 199  24 177 162  56 255  24 199 135 206  40 255
255  40 151   0 135  24  88  56  62 250  24 135   0 151  40 255
255  40 213 151 206  24  88  56 255  88  24 206 151 213  40 255
255  73  40  40  40  60 114 208 208 255  60  40  40  40  73 255
255 255 255 255 255 255 255 255 255 255 255 255 255 255 255 255
255 255 255 255 255 255 255 255 255 255 255 255 255 255 255 255
255  73  40  40  40  60 255  87  87 181 235 141 255 255 255 255
255  40 213 151 206  24 156 118   0 219 108 129 151 151 127 255
255  40 151   0 135  24  93 193   0  90 254 251 247 100 255 255
255  40 206 135 199  24 166 123  30 130 120 128   8 255 141 255
255  60  24  24  24  46 239 250 250 152  22 120 254 245 235 255
255 114 255 255  88  88  30 105 236 110  79  41  90 219 181 255
255 255 137  62 106 181 167 168 211  56 186 123 249 141  87 255
255  87 174 249  93 199 105 168 211  56   5 135 255 104  87 255
255 255 156  93 166 103  88 199  68  30  88 177  88  88 114 255
255  60  24  24  24  46  88 199 199  88  46  24  24  24  60 255
255  40 206 135 199  24 177 162  56 255  24 199 135 206  40 255
255  40 151   0 135  24  88  56  62 250  24 135   0 151  40 255
255  40 213 151 206  24  88  56 255  88  24 206 151 213  40 255
255  73  40  40  40  60 114 208 208 255  60  40  40  40  73 255
255 255 255 255 255 255 255 255 255 255 255 255 255 255 255 255

255 255 255 255 255 255 255 255 255 255 255 255 255 255 255 255
255 255 127 255 141 235 181  87  87 114  60  40  40  40  73 255
255 255 151 100 255 245 219 141 104  88  24 206 151 213  40 255
255 255 151 247   8 254  90 249 255  88  24 135   0 151  40 255
255 141 129 251 128 120  41 123 135 177  24 199 135 206  40 255
255 235 108 254 120  22  79 186   5  88  46  24  24  24  60 255
255 181 219  90 130 152 110  56  56  30  88 255 250  88 255 255
255  87   0   0  30 250 236 211 211  68 199  56  62 255 208 255
255  87 118 193 123 250 105 168 168 199 199 162  56  56 208 255
255 255 156  93 166 239  30 167 105  88  88 177  88  88 114 255
255  60  24  24  24  46  88 181 199 103  46  24  24  24  60 255
255  40 206 135 199  24  88 106  93 166  24 199 135 206  40 255
255  40 151   0 135  24 255  62 249  93  24 135   0 151  40 255
255  40 213 151 206  24 255 137 174 156  24 206 151 213  40 255
255  73  40  40  40  60 114 255  87 255  60  40  40  40  73 255
255 255 255 255 255 255 255 255 255 255 255 255 255 255 255 255
255 255 255 255 255 255 255 255 255 255 255 255 255 255 255 255
255 255 127 255 141 235 181  87  87 114  60  40  40  40  73 255
255 255 151 100 255 245 219 141 104  88  24 206 151 213  40 255
255 255 151 247   8 254  90 249 255  88  24 135   0 151  40 255
255 141 129 251 128 120  41 123 135 177  24 199 135 206  40 255
255 235 108 254 120  22  79 186   5  88  46  24  24  24  60 255
255 181 219  90 130 152 110  56  56  30  88 255 250  88 255 255
255  87   0   0  30 250 236 211 211  68 199  56  62 255 208 255
255  87 118 193 123 250 105 168 168 199 199 162  56  56 208 255
255 255 156  93 166 239  30 167 105  88  88 177  88  88 114 255
255  60  24  24  24  46  88 181 199 103  46  24  24  24  60 255
255  40 206 135 199  24  88 106  93 166  24 199 135 206  40 255
255  40 151   0 135  24 255  62 249  93  24 135   0 151  40 255
255  40 213 151 206  24 255 137 174 156  24 206 151 213  40 255
255  73  40  40  40  60 114 255  87 255  60  40  40  40  73 255
255 255 255 255 255 255 255 255 255 255 255 255 255 255 255 255
255 255 255 255 255 255 255 255 255 255 255 255 255 255 255 255
255 255 127 255 141 235 181  87  87 114  60  40  40  40  73 255
255 255 151 100 255 245 219 141 104  88  24 206 151 213  40 255
255 255 151 247   8 254  90 249 255  88  24 135   0 151  40 255
255 141 129 251 128 120  41 123 135 177  24 199 135 206  40 255
255 235 108 254 120  22  79 186   5  88  46  24  24  24  60 255
255 181 219  90 130 152 110  56  56  30  88 255 250  88 255 255
255  87   0   0  30 250 236 211 211  68 199  56  62 255 208 255
255  87 118 193 123 250 105 168 168 199 199 162  56  56 208 255
255 255 156  93 166 239  30 167 105  88  88 177  88  88 114 255
255  60  24  24  24  46  88 181 199 103  46  24  24  24  60 255
255  40 206 135 199  24  88 106  93 166  24 199 135 206  40 255
255  40 151   0 135  24 255  62 249  93  24 135   0 151  40 255
255  40 213 151 206  24 255 137 174 156  24 206 151 213  40 255
255  73  40  40  40  60 114 255  87 255  60  40  40  40  73 255
255 255 255 255 255 255 255 255 255 255 255 255 255 255 255 255

255 255 255 255 255 255 255 255 255 255 255 255 255 255 255 255
255  73  40  40  40  60 255 208 208 114  60  40  40  40  73 255
255  40 213 151 206  24  88 255  56  88  24 206 151 213  40 255
255  40 151   0 135  24 250  62  56  88  24 135   0 151  40 255
255  40 206 135 199  24 255  56 162 177  24 199 135 206  40 255
255  60  24  24  24  46  88 199 199  88  46  24  24  24  60 255
255 114  88  88 177  88  30  68 199  88 103 166  93 156 255 255
255  87 104 255 135   5  56 211 168 105 199  93 249 174  87 255
255  87 141 249 123 186  56 211 168 167 181 106  62 137 255 255
255 181 219  90  41  79 110 236 105  30  88  88 255 255 114 255
255 235 245 254 120  22 152 250 250 239  46  24  24  24  60 255
255 141 255   8 128 120 130  30 123 166  24 199 135 206  40 255
255 255 100 247 251 254  90   0 193  93  24 135   0 151  40 255
255 127 151 151 129 108 219   0 118 156  24 206 151 213  40 255
255 255 255 255 141 235 181  87  87 255  60  40  40  40  73 255
255 255 255 255 255 255 255 255 255 255 255 255 255 255 255 255
255 255 255 255 255 255 255 255 255 255 255 255 255 255 255 255
255  73  40  40  40  60 255 208 208 114  60  40  40  40  73 255
255  40 213 151 206  24  88 255  56  88  24 206 151 213  40 255
255  40 151   0 135  24 250  62  56  88  24 135   0 151  40 255
255  40 206 135 199  24 255  56 162 177  24 199 135 206  40 255
255  60  24  24  24  46  88 199 199  88  46  24  24  24  60 255
255 114  88  88 177  88  30  68 199  88 103 166  93 156 255 255
255  87 104 255 135   5  56 211 168 105 199  93 249 174  87 255
255  87 141 249 123 186  56 211 168 167 181 106  62 137 255 255
255 181 219  90  41  79 110 236 105  30  88  88 255 255 114 255
255 235 245 254 120  22 152 250 250 239  46  24  24  24  60 255
255 141 255   8 128 120 130  30 123 166  24 199 135 206  40 255
255 255 100 247 251 254  90   0 193  93  24 135   0 151  40 255
255 127 151 151 129 108 219   0 118 156  24 206 151 213  40 255
255 255 255 255 141 235 181  87  87 255  60  40  40  40  73 255
255 255 255 255 255 255 255 255 255 255 255 255 255 255 255 255
255 255 255 255 255 255 255 255 255 255 255 255 255 255 255 255
255  73  40  40  40  60 255 208 208 114  60  40  40  40  73 255
255  40 213 151 206  24  88 255  56  88  24 206 151 213  40 255
255  40 151   0 135  24 250  62  56  88  24 135   0 151  40 255
255  40 206 135 199  24 255  56 162 177  24 199 135 206  40 255
255  60  24  24  24  46  88 199 199  88  46  24  24  24  60 255
255 114  88  88 177  88  30  68 199  88 103 166  93 156 255 255
255  87 104 255 135   5  56 211 168 105 199  93 249 174  87 255
255  87 141 249 123 186  56 211 168 167 181 106  62 137 255 255
255 181 219  90  41  79 110 236 105  30  88  88 255 255 114 255
255 235 245 254 120  22 152 250 250 239  46  24  24  24  60 255
255 141 255   8 128 120 130  30 123 166  24 199 135 206  40 255
255 255 100 247 251 254  90   0 193  93  24 135   0 151  40 255
255 127 151 151 129 108 219   0 118 156  24 206 151 213  40 255
255 255 255 255 141 235 181  87  87 255  60  40  40  40  73 255
255 255 255 255 255 255 255 255 255 255 255 255 255 255 255 255
