255 255 255 255 255 255 255 255 255 255 255 255 255 255 255 255
255   0   0   0   0   0   0 255   0   0   0   0   0   0   0 255
255   0 255 255 255   0 255 255   0 255   0 255 255 255   0 255
255   0 255   0 191   0   0   0 255   0   0 191   0 255   0 255
255   0 255 191 239   0 191  64   0  64   0 239 191 255   0 255
255   0   0   0   0   0   0 255 255   0   0   0   0   0   0 255
255   0   0   0 255   0   0   0   0   0 255 191   0 255   0 255
255 255 255   0   0 255   0 255   0   0 255 191 255   0   0 255
255   0   0   0   0 255   0 255   0 255 255   0   0   0 255 255
255   0   0   0 255   0 255 255 255   0   0 255 255   0 255 255
255   0   0   0   0   0 255 255   0   0 255   0   0 255 255 255
255   0 255 191 239   0 255  64 255 191 191 112   0  64 255 255
255   0 255   0 191   0   0 255   0 255   0  64   0   0 255 255
255   0 255 255 255   0   0   0 255 255 255   0 255 255   0 255
255   0   0   0   0   0   0   0 255 255 255 255 255 255 255 255
255 255 255 255 255 255 255 255 255 255 255 255 255 255 255 255
255 255 255 255 255 255 255 255 255 255 255 255 255 255 255 255
255   0   0   0   0   0   0 255   0   0   0   0   0   0   0 255
255   0 255 255 255   0 255 255   0 255   0 255 255 255   0 255
255   0 255   0 191   0   0   0 255   0   0 191   0 255   0 255
255   0 255 191 239   0 191  64   0  64   0 239 191 255   0 255
255   0   0   0   0   0   0 255 255   0   0   0   0   0   0 255
255   0   0   0 255   0   0   0   0   0 255 191   0 255   0 255
255 255 255   0   0 255   0 255   0   0 255 191 255   0   0 255
255   0   0   0   0 255   0 255   0 255 255   0   0   0 255 255
255   0   0   0 255   0 255 255 255   0   0 255 255   0 255 255
255   0   0   0   0   0 255 255   0   0 255   0   0 255 255 255
255   0 255 191 239   0 255  64 255 191 191 112   0  64 255 255
255   0 255   0 191   0   0 255   0 255   0  64   0   0 255 255
255   0 255 255 255   0   0   0 255 255 255   0 255 255   0 255
255   0   0   0   0   0   0   0 255 255 255 255 255 255 255 255
255 255 255 255 255 255 255 255 255 255 255 255 255 255 255 255
255 255 255 255 255 255 255 255 255 255 255 255 255 255 255 255
255   0   0   0   0   0   0 255   0   0   0   0   0   0   0 255
255   0 255 255 255   0 255 255   0 255   0 255 255 255   0 255
255   0 255   0 191   0   0   0 255   0   0 191   0 255   0 255
255   0 255 191 239   0 191  64   0  64   0 239 191 255   0 255
255   0   0   0   0   0   0 255 255   0   0   0   0   0   0 255
255   0   0   0 255   0   0   0   0   0 255 191   0 255   0 255
255 255 255   0   0 255   0 255   0   0 255 191 255   0   0 255
255   0   0   0   0 255   0 255   0 255 255   0   0   0 255 255
255   0   0   0 255   0 255 255 255   0   0 255 255   0 255 255
255   0   0   0   0   0 255 255   0   0 255   0   0 255 255 255
255   0 255 191 239   0 255  64 255 191 191 112   0  64 255 255
255   0 255   0 191   0   0 255   0 255   0  64   0   0 255 255
255   0 255 255 255   0   0   0 255 255 255   0 255 255   0 255
255   0   0   0   0   0   0   0 255 255 255 255 255 255 255 255
255 255 255 255 255 255 255 255 255 255 255 255 255 255 255 255

255 255 255 255 255 255 255 255 255 255 255 255 255 255 255 255
255  73  40  40  40  60 114  40 208 255 255 255 255 127 255 255
255  40 213 151 206  24 187   0  81 120 245  71   8 255 168 255
255  40 151   0 135  24  88 193   6 167   7   0   8 255 248 255
255  40 206 135 199  24 177 132  26 167   0 183 124 104 255 255
255  60  24  24  24  46 239 255 255  16 231 147  24 147 235 255
255 114 255  93 166  88  30 124 255 115  95 177 250 135 181 255
255  40  23 249  26 186  19  44  44 150  56 255  62 255 208 255
255 208 141  56 120 204  88 243 243 218 255 149 249  56  40 255
255 114 187  88 177 103 145  68   0 197 239 255  88  88 114 255
255  60  24  24  24  46 103 199 181 103  46  24  24  24  60 255
255  40 206 135 199  24 255  26  26 255  24 199 135 206  40 255
255  40 151   0 135  24  88  60  60  93  24 135   0 151  40 255
255  40 213 151 206  24  88 232 114 156  24 206 151 213  40 255
255  73  40  40  40  60 114 208  40 114  60  40  40  40  73 255
255 255 255 255 255 255 255 255 255 255 255 255 255 255 255 255
255 255 255 255 255 255 255 255 255 255 255 255 255 255 255 255
255  73  40  40  40  60 114  40 208 255 255 255 255 127 255 255
255  40 213 151 206  24 187   0  81 120 245  71   8 255 168 255
255  40 151   0 135  24  88 193   6 167   7   0   8 255 248 255
255  40 206 135 199  24 177 132  26 167   0 183 124 104 255 255
255  60  24  24  24  46 239 255 255  16 231 147  24 147 235 255
255 114 255  93 166  88  30 124 255 115  95 177 250 135 181 255
255  40  23 249  26 186  19  44  44 150  56 255  62 255 208 255
255 208 141  56 120 204  88 243 243 218 255 149 249  56  40 255
255 114 187  88 177 103 145  68   0 197 239 255  88  88 114 255
255  60  24  24  24  46 103 199 181 103  46  24  24  24  60 255
255  40 206 135 199  24 255  26  26 255  24 199 135 206  40 255
255  40 151   0 135  24  88  60  60  93  24 135   0 151  40 255
255  40 213 151 206  24  88 232 114 156  24 206 151 213  40 255
255  73  40  40  40  60 114 208  40 114  60  40  40  40  73 255
255 255 255 255 255 255 255 255 255 255 255 255 255 255 255 255
255 255 255 255 255 255 255 255 255 255 255 255 255 255 255 255
255  73  40  40  40  60 114  40 208 255 255 255 255 127 255 255
255  40 213 151 206  24 187   0  81 120 245  71   8 255 168 255
255  40 151   0 135  24  88 193   6 167   7   0   8 255 248 255
255  40 206 135 199  24 177 132  26 167   0 183 124 104 255 255
255  60  24  24  24  46 239 255 255  16 231 147  24 147 235 255
255 114 255  93 166  88  30 124 255 115  95 177 250 135 181 255
255  40  23 249  26 186  19  44  44 150  56 255  62 255 208 255
255 208 141  56 120 204  88 243 243 218 255 149 249  56  40 255
255 114 187  88 177 103 145  68   0 197 239 255  88  88 114 255
255  60  24  24  24  46 103 199 181 103  46  24  24  24  60 255
255  40 206 135 199  24 255  26  26 255  24 199 135 206  40 255
255  40 151   0 135  24  88  60  60  93  24 135   0 151  40 255
255  40 213 151 206  24  88 232 114 156  24 206 151 213  40 255
255  73  40  40  40  60 114 208  40 114  60  40  40  40  73 255
255 255 255 255 255 255 255 255 255 255 255 255 255 255 255 255

255 255 255 255 255 255 255 255 255 255 255 255 255 255 255 255
255 255 168 248 255 235 181 208  40 114  60  40  40  40  73 255
255 127 255 255 104 147 135 255  56  88  24 206 151 213  40 255
255 255   8   8 124  24 250  62 249  88  24 135   0 151  40 255
255 255  71   0 183 147 177 255 149 255  24 199 135 206  40 255
255 255 245   7   0 231  95  56 255 239  46  24  24  24  60 255
255 255 120 167 167  16 115 150 218 197 103 255  93 156 114 255
255 208  81   6  26 255 255  44 243   0 181  26  60 114  40 255
255  40   0 193 132 255 124  44 243  68 199  26  60 232 208 255
255 114 187  88 177 239  30  19  88 145 103 255  88  88 114 255
255  60  24  24  24  46  88 186 204 103  46  24  24  24  60 255
255  40 206 135 199  24 166  26 120 177  24 199 135 206  40 255
255  40 151   0 135  24  93 249  56  88  24 135   0 151  40 255
255  40 213 151 206  24 255  23 141 187  24 206 151 213  40 255
255  73  40  40  40  60 114  40 208 114  60  40  40  40  73 255
255 255 255 255 255 255 255 255 255 255 255 255 255 255 255 255
255 255 255 255 255 255 255 255 255 255 255 255 255 255 255 255
255 255 168 248 255 235 181 208  40 114  60  40  40  40  73 255
255 127 255 255 104 147 135 255  56  88  24 206 151 213  40 255
255 255   8   8 124  24 250  62 249  88  24 135   0 151  40 255
255 255  71   0 183 147 177 255 149 255  24 199 135 206  40 255
255 255 245   7   0 231  95  56 255 239  46  24  24  24  60 255
255 255 120 167 167  16 115 150 218 197 103 255  93 156 114 255
255 208  81   6  26 255 255  44 243   0 181  26  60 114  40 255
255  40   0 193 132 255 124  44 243  68 199  26  60 232 208 255
255 114 187  88 177 239  30  19  88 145 103 255  88  88 114 255
255  60  24  24  24  46  88 186 204 103  46  24  24  24  60 255
255  40 206 135 199  24 166  26 120 177  24 199 135 206  40 255
255  40 151   0 135  24  93 249  56  88  24 135   0 151  40 255
255  40 213 151 206  24 255  23 141 187  24 206 151 213  40 255
255  73  40  40  40  60 114  40 208 114  60  40  40  40  73 255
255 255 255 255 255 255 255 255 255 255 255 255 255 255 255 255
255 255 255 255 255 255 255 255 255 255 255 255 255 255 255 255
255 255 168 248 255 235 181 208  40 114  60  40  40  40  73 255
255 127 255 255 104 147 135 255  56  88  24 206 151 213  40 255
255 255   8   8 124  24 250  62 249  88  24 135   0 151  40 255
255 255  71   0 183 147 177 255 149 255  24 199 135 206  40 255
255 255 245   7   0 231  95  56 255 239  46  24  24  24  60 255
255 255 120 167 167  16 115 150 218 197 103 255  93 156 114 255
255 208  81   6  26 255 255  44 243   0 181  26  60 114  40 255
255  40   0 193 132 255 124  44 243  68 199  26  60 232 208 255
255 114 187  88 177 239  30  19  88 145 103 255  88  88 114 255
255  60  24  24  24  46  88 186 204 103  46  24  24  24  60 255
255  40 206 135 199  24 166  26 120 177  24 199 135 206  40 255
255  40 151   0 135  24  93 249  56  88  24 135   0 151  40 255
255  40 213 151 206  24 255  23 141 187  24 206 151 213  40 255
255  73  40  40  40  60 114  40 208 114  60  40  40  40  73 255
255 255 255 255 255 255 255 255 255 255 255 255 255 255 255 255

255 255 255 255 255 255 255 255 255 255 255 255 255 255 255 255
255  73  40  40  40  60 114  40 208 114  60  40  40  40  73 255
255  40 213 151 206  24 156 114 232  88  24 206 151 213  40 255
255  40 151   0 135  24  93  60  60  88  24 135   0 151  40 255
255  40 206 135 199  24 255  26  26 255  24 199 135 206  40 255
255  60  24  24  24  46 103 181 199 103  46  24  24  24  60 255
255 114  88  88 255 239 197   0  68 145 103 177  88 187 114 255
255  40  56 249 149 255 218 243 243  88 204 120  56 141 208 255
255 208 255  62 255  56 150  44  44  19 186  26 249  23  40 255
255 181 135 250 177  95 115 255 124  30  88 166  93 255 114 255
255 235 147  24 147 231  16 255 255 239  46  24  24  24  60 255
255 255 104 124 183   0 167  26 132 177  24 199 135 206  40 255
255 248 255   8   0   7 167   6 193  88  24 135   0 151  40 255
255 168 255   8  71 245 120  81   0 187  24 206 151 213  40 255
255 255 127 255 255 255 255 208  40 114  60  40  40  40  73 255
255 255 255 255 255 255 255 255 255 255 255 255 255 255 255 255
255 255 255 255 255 255 255 255 255 255 255 255 255 255 255 255
255  73  40  40  40  60 114  40 208 114  60  40  40  40  73 255
255  40 213 151 206  24 156 114 232  88  24 206 151 213  40 255
255  40 151   0 135  24  93  60  60  88  24 135   0 151  40 255
255  40 206 135 199  24 255  26  26 255  24 199 135 206  40 255
255  60  24  24  24  46 103 181 199 103  46  24  24  24  60 255
255 114  88  88 255 239 197   0  68 145 103 177  88 187 114 255
255  40  56 249 149 255 218 243 243  88 204 120  56 141 208 255
255 208 255  62 255  56 150  44  44  19 186  26 249  23  40 255
255 181 135 250 177  95 115 255 124  30  88 166  93 255 114 255
255 235 147  24 147 231  16 255 255 239  46  24  24  24  60 255
255 255 104 124 183   0 167  26 132 177  24 199 135 206  40 255
255 248 255   8   0   7 167   6 193  88  24 135   0 151  40 255
255 168 255   8  71 245 120  81   0 187  24 206 151 213  40 255
255 255 127 255 255 255 255 208  40 114  60  40  40  40  73 255
255 255 255 255 255 255 255 255 255 255 255 255 255 255 255 255
255 255 255 255 255 255 255 255 255 255 255 255 255 255 255 255
255  73  40  40  40  60 114  40 208 114  60  40  40  40  73 255
255  40 213 151 206  24 156 114 232  88  24 206 151 213  40 255
255  40 151   0 135  24  93  60  60  88  24 135   0 151  40 255
255  40 206 135 199  24 255  26  26 255  24 199 135 206  40 255
255  60  24  24  24  46 103 181 199 103  46  24  24  24  60 255
255 114  88  88 255 239 197   0  68 145 103 177  88 187 114 255
255  40  56 249 149 255 218 243 243  88 204 120  56 141 208 255
255 208 255  62 255  56 150  44  44  19 186  26 249  23  40 255
255 181 135 250 177  95 115 255 124  30  88 166  93 255 114 255
255 235 147  24 147 231  16 255 255 239  46  24  24  24  60 255
255 255 104 124 183   0 167  26 132 177  24 199 135 206  40 255
255 248 255   8   0   7 167   6 193  88  24 135   0 151  40 255
255 168 255   8  71 245 120  81   0 187  24 206 151 213  40 255
255 255 127 255 255 255 255 208  40 114  60  40  40  40  73 255
255 255 255 255 255 255 255 255 255 255 255 255 255 255 255 255
