255 255 255 255 255 255 255 255 255 255 255 255 255 255 255 255
255   0   0   0   0   0   0 255   0   0   0   0   0   0   0 255
255   0 255 255 255   0 255 255   0 255   0 255 255 255   0 255
255   0 255   0 191   0   0   0 255   0   0 191   0 255   0 255
255   0 255 191 239   0 191  64   0  64   0 239 191 255   0 255
255   0   0   0   0   0   0 255 255   0   0   0   0   0   0 255
255   0   0   0 255   0   0   0   0   0 255 191   0 255   0 255
255   0   0   0  64 255   0 255   0   0   0 255 255   0   0 255
255   0   0   0 191 255   0 255   0 255   0   0   0   0 255 255
255 255   0 255   0   0   0   0 255   0 255  64 255   0 255 255
255   0   0   0   0   0 255   0   0   0 255  64   0 255 255 255
255   0 255 191 239   0 255  64 255 191 191   0 191  64   0 255
255   0 255   0 191   0   0   0   0 255   0   0   0   0 255 255
255   0 255 255 255   0   0 255 255 255 255  64 255 255   0 255
255   0   0   0   0   0   0   0 255 255 255 191 255 255 255 255
255 255 255 255 255 255 255 255 255 255 255 255 255 255 255 255
255 255 255 255 255 255 255 255 255 255 255 255 255 255 255 255
255   0   0   0   0   0   0 255   0   0   0   0   0   0   0 255
255   0 255 255 255   0 255 255   0 255   0 255 255 255   0 255
255   0 255   0 191   0   0   0 255   0   0 191   0 255   0 255
255   0 255 191 239   0 191  64   0  64   0 239 191 255   0 255
255   0   0   0   0   0   0 255 255   0   0   0   0   0   0 255
255   0   0   0 255   0   0   0   0   0 255 191   0 255   0 255
255   0   0   0  64 255   0 255   0   0   0 255 255   0   0 255
255   0   0   0 191 255   0 255   0 255   0   0   0   0 255 255
255 255   0 255   0   0   0   0 255   0 255  64 255   0 255 255
255   0   0   0   0   0 255   0   0   0 255  64   0 255 255 255
255   0 255 191 239   0 255  64 255 191 191   0 191  64   0 255
255   0 255   0 191   0   0   0   0 255   0   0   0   0 255 255
255   0 255 255 255   0   0 255 255 255 255  64 255 255   0 255
255   0   0   0   0   0   0   0 255 255 255 191 255 255 255 255
255 255 255 255 255 255 255 255 255 255 255 255 255 255 255 255
255 255 255 255 255 255 255 255 255 255 255 255 255 255 255 255
255   0   0   0   0   0   0 255   0   0   0   0   0   0   0 255
255   0 255 255 255   0 255 255   0 255   0 255 255 255   0 255
255   0 255   0 191   0   0   0 255   0   0 191   0 255   0 255
255   0 255 191 239   0 191  64   0  64   0 239 191 255   0 255
255   0   0   0   0   0   0 255 255   0   0   0   0   0   0 255
255   0   0   0 255   0   0   0   0   0 255 191   0 255   0 255
255   0   0   0  64 255   0 255   0   0   0 255 255   0   0 255
255   0   0   0 191 255   0 255   0 255   0   0   0   0 255 255
255 255   0 255   0   0   0   0 255   0 255  64 255   0 255 255
255   0   0   0   0   0 255   0   0   0 255  64   0 255 255 255
255   0 255 191 239   0 255  64 255 191 191   0 191  64   0 255
255   0 255   0 191   0   0   0   0 255   0   0   0   0 255 255
255   0 255 255 255   0   0 255 255 255 255  64 255 255   0 255
255   0   0   0   0   0   0   0 255 255 255 191 255 255 255 255
255 255 255 255 255 255 255 255 255 255 255 255 255 255 255 255

255 255 255 255 255 255 255 255 255 255 255 255 255 255 255 255
255  73  40  40  40  60 114  40 208 255 255  40 255 127 255 255
255  40 213 151 206  24 187   0  81 156 161 120   8 193 255 255
255  40 151   0 135  24  88 247  60 255  24 135   8 250 255 255
255  40 206 135 199  24 177 255  56 166 132   0   4 120 154 255
255  60  24  24  24  46 239  56  74 176 233 135  24 147 235 255
255 114 255  93 166  88  30  56 255 145 103 135 250 135 181 255
255  40  23 249  26 186  19  44  44 167  51 199   8 255 255 255
255 208 141  56 120 204  88 243 243 105  69  93   8 255  87 255
255 114 187  88 177 103 145  19  88  30 239 255  88  88 114 255
255  60  24  24  24  46 103 186 204  88  46  24  24  24  60 255
255  40 206 135 199  24 255  93 106  88  24 199 135 206  40 255
255  40 151   0 135  24  88   8   2 250  24 135   0 151  40 255
255  40 213 151 206  24  88 137  56  88  24 206 151 213  40 255
255  73  40  40  40  60 114  40  40 255  60  40  40  40  73 255
255 255 255 255 255 255 255 255 255 255 255 255 255 255 255 255
255 255 255 255 255 255 255 255 255 255 255 255 255 255 255 255
255  73  40  40  40  60 114  40 208 255 255  40 255 127 255 255
255  40 213 151 206  24 187   0  81 156 161 120   8 193 255 255
255  40 151   0 135  24  88 247  60 255  24 135   8 250 255 255
255  40 206 135 199  24 177 255  56 166 132   0   4 120 154 255
255  60  24  24  24  46 239  56  74 176 233 135  24 147 235 255
255 114 255  93 166  88  30  56 255 145 103 135 250 135 181 255
255  40  23 249  26 186  19  44  44 167  51 199   8 255 255 255
255 208 141  56 120 204  88 243 243 105  69  93   8 255  87 255
255 114 187  88 177 103 145  19  88  30 239 255  88  88 114 255
255  60  24  24  24  46 103 186 204  88  46  24  24  24  60 255
255  40 206 135 199  24 255  93 106  88  24 199 135 206  40 255
255  40 151   0 135  24  88   8   2 250  24 135   0 151  40 255
255  40 213 151 206  24  88 137  56  88  24 206 151 213  40 255
255  73  40  40  40  60 114  40  40 255  60  40  40  40  73 255
255 255 255 255 255 255 255 255 255 255 255 255 255 255 255 255
255 255 255 255 255 255 255 255 255 255 255 255 255 255 255 255
255  73  40  40  40  60 114  40 208 255 255  40 255 127 255 255
255  40 213 151 206  24 187   0  81 156 161 120   8 193 255 255
255  40 151   0 135  24  88 247  60 255  24 135   8 250 255 255
255  40 206 135 199  24 177 255  56 166 132   0   4 120 154 255
255  60  24  24  24  46 239  56  74 176 233 135  24 147 235 255
255 114 255  93 166  88  30  56 255 145 103 135 250 135 181 255
255  40  23 249  26 186  19  44  44 167  51 199   8 255 255 255
255 208 141  56 120 204  88 243 243 105  69  93   8 255  87 255
255 114 187  88 177 103 145  19  88  30 239 255  88  88 114 255
255  60  24  24  24  46 103 186 204  88  46  24  24  24  60 255
255  40 206 135 199  24 255  93 106  88  24 199 135 206  40 255
255  40 151   0 135  24  88   8   2 250  24 135   0 151  40 255
255  40 213 151 206  24  88 137  56  88  24 206 151 213  40 255
255  73  40  40  40  60 114  40  40 255  60  40  40  40  73 255
255 255 255 255 255 255 255 255 255 255 255 255 255 255 255 255

255 255 255 255 255 255 255 255 255 255 255 255 255 255 255 255
255 255 255 255 154 235 181 255  87 114  60  40  40  40  73 255
255 127 193 250 120 147 135 255 255  88  24 206 151 213  40 255
255 255   8   8   4  24 250   8   8  88  24 135   0 151  40 255
255  40 120 135   0 135 135 199  93 255  24 199 135 206  40 255
255 255 161  24 132 233 103  51  69 239  46  24  24  24  60 255
255 255 156 255 166 176 145 167 105  30  88  88 250  88 255 255
255 208  81  60  56  74 255  44 243  88 204 106   2  56  40 255
255  40   0 247 255  56  56  44 243  19 186  93   8 137  40 255
255 114 187  88 177 239  30  19  88 145 103 255  88  88 114 255
255  60  24  24  24  46  88 186 204 103  46  24  24  24  60 255
255  40 206 135 199  24 166  26 120 177  24 199 135 206  40 255
255  40 151   0 135  24  93 249  56  88  24 135   0 151  40 255
255  40 213 151 206  24 255  23 141 187  24 206 151 213  40 255
255  73  40  40  40  60 114  40 208 114  60  40  40  40  73 255
255 255 255 255 255 255 255 255 255 255 255 255 255 255 255 255
255 255 255 255 255 255 255 255 255 255 255 255 255 255 255 255
255 255 255 255 154 235 181 255  87 114  60  40  40  40  73 255
255 127 193 250 120 147 135 255 255  88  24 206 151 213  40 255
255 255   8   8   4  24 250   8   8  88  24 135   0 151  40 255
255  40 120 135   0 135 135 199  93 255  24 199 135 206  40 255
255 255 161  24 132 233 103  51  69 239  46  24  24  24  60 255
255 255 156 255 166 176 145 167 105  30  88  88 250  88 255 255
255 208  81  60  56  74 255  44 243  88 204 106   2  56  40 255
255  40   0 247 255  56  56  44 243  19 186  93   8 137  40 255
255 114 187  88 177 239  30  19  88 145 103 255  88  88 114 255
255  60  24  24  24  46  88 186 204 103  46  24  24  24  60 255
255  40 206 135 199  24 166  26 120 177  24 199 135 206  40 255
255  40 151   0 135  24  93 249  56  88  24 135   0 151  40 255
255  40 213 151 206  24 255  23 141 187  24 206 151 213  40 255
255  73  40  40  40  60 114  40 208 114  60  40  40  40  73 255
255 255 255 255 255 255 255 255 255 255 255 255 255 255 255 255
255 255 255 255 255 255 255 255 255 255 255 255 255 255 255 255
255 255 255 255 154 235 181 255  87 114  60  40  40  40  73 255
255 127 193 250 120 147 135 255 255  88  24 206 151 213  40 255
255 255   8   8   4  24 250   8   8  88  24 135   0 151  40 255
255  40 120 135   0 135 135 199  93 255  24 199 135 206  40 255
255 255 161  24 132 233 103  51  69 239  46  24  24  24  60 255
255 255 156 255 166 176 145 167 105  30  88  88 250  88 255 255
255 208  81  60  56  74 255  44 243  88 204 106   2  56  40 255
255  40   0 247 255  56  56  44 243  19 186  93   8 137  40 255
255 114 187  88 177 239  30  19  88 145 103 255  88  88 114 255
255  60  24  24  24  46  88 186 204 103  46  24  24  24  60 255
255  40 206 135 199  24 166  26 120 177  24 199 135 206  40 255
255  40 151   0 135  24  93 249  56  88  24 135   0 151  40 255
255  40 213 151 206  24 255  23 141 187  24 206 151 213  40 255
255  73  40  40  40  60 114  40 208 114  60  40  40  40  73 255
255 255 255 255 255 255 255 255 255 255 255 255 255 255 255 255

255 255 255 255 255 255 255 255 255 255 255 255 255 255 255 255
255  73  40  40  40  60 255  40  40 114  60  40  40  40  73 255
255  40 213 151 206  24  88  56 137  88  24 206 151 213  40 255
255  40 151   0 135  24 250   2   8  88  24 135   0 151  40 255
255  40 206 135 199  24  88 106  93 255  24 199 135 206  40 255
255  60  24  24  24  46  88 204 186 103  46  24  24  24  60 255
255 114  88  88 255 239  30  88  19 145 103 177  88 187 114 255
255  87 255   8  93  69 105 243 243  88 204 120  56 141 208 255
255 255 255   8 199  51 167  44  44  19 186  26 249  23  40 255
255 181 135 250 135 103 145 255  56  30  88 166  93 255 114 255
255 235 147  24 135 233 176  74  56 239  46  24  24  24  60 255
255 154 120   4   0 132 166  56 255 177  24 199 135 206  40 255
255 255 250   8 135  24 255  60 247  88  24 135   0 151  40 255
255 255 193   8 120 161 156  81   0 187  24 206 151 213  40 255
255 255 127 255  40 255 255 208  40 114  60  40  40  40  73 255
255 255 255 255 255 255 255 255 255 255 255 255 255 255 255 255
255 255 255 255 255 255 255 255 255 255 255 255 255 255 255 255
255  73  40  40  40  60 255  40  40 114  60  40  40  40  73 255
255  40 213 151 206  24  88  56 137  88  24 206 151 213  40 255
255  40 151   0 135  24 250   2   8  88  24 135   0 151  40 255
255  40 206 135 199  24  88 106  93 255  24 199 135 206  40 255
255  60  24  24  24  46  88 204 186 103  46  24  24  24  60 255
255 114  88  88 255 239  30  88  19 145 103 177  88 187 114 255
255  87 255   8  93  69 105 243 243  88 204 120  56 141 208 255
255 255 255   8 199  51 167  44  44  19 186  26 249  23  40 255
255 181 135 250 135 103 145 255  56  30  88 166  93 255 114 255
255 235 147  24 135 233 176  74  56 239  46  24  24  24  60 255
255 154 120   4   0 132 166  56 255 177  24 199 135 206  40 255
255 255 250   8 135  24 255  60 247  88  24 135   0 151  40 255
255 255 193   8 120 161 156  81   0 187  24 206 151 213  40 255
255 255 127 255  40 255 255 208  40 114  60  40  40  40  73 255
255 255 255 255 255 255 255 255 255 255 255 255 255 255 255 255
255 255 255 255 255 255 255 255 255 255 255 255 255 255 255 255
255  73  40  40  40  60 255  40  40 114  60  40  40  40  73 255
255  40 213 151 206  24  88  56 137  88  24 206 151 213  40 255
255  40 151   0 135  24 250   2   8  88  24 135   0 151  40 255
255  40 206 135 199  24  88 106  93 255  24 199 135 206  40 255
255  60  24  24  24  46  88 204 186 103  46  24  24  24  60 255
255 114  88  88 255 239  30  88  19 145 103 177  88 187 114 255
255  87 255   8  93  69 105 243 243  88 204 120  56 141 208 255
255 255 255   8 199  51 167  44  44  19 186  26 249  23  40 255
255 181 135 250 135 103 145 255  56  30  88 166  93 255 114 255
255 235 147  24 135 233 176  74  56 239  46  24  24  24  60 255
255 154 120   4   0 132 166  56 255 177  24 199 135 206  40 255
255 255 250   8 135  24 255  60 247  88  24 135   0 151  40 255
255 255 193   8 120 161 156  81   0 187  24 206 151 213  40 255
255 255 127 255  40 255 255 208  40 114  60  40  40  40  73 255
255 255 255 255 255 255 255 255 255 255 255 255 255 255 255 255
