255 255 255 255 255 255 255 255 255 255 255 255 255 255 255 255
255   0   0   0   0   0   0   0 255   0   0   0   0   0   0 255
255   0 255 255 255   0 255   0 255   0   0 255 255 255   0 255
255   0 255   0 191   0   0 255   0 255   0 191   0 255   0 255
255   0 255 191 239   0 191 191 255 255   0 239 191 255   0 255
255   0   0   0   0   0   0 255 255   0   0   0   0   0   0 255
255   0   0   0 255   0   0 255 255 255 255 191   0 255   0 255
255   0   0 255 255 255   0   0 255   0 255   0 255   0   0 255
255   0   0   0 191 255 255 255 255   0 255 255   0   0 255 255
255 255 255 255 255   0   0 255   0 255   0  64 255   0 255 255
255   0   0   0   0   0 255   0 255 255   0   0   0 255 255 255
255   0 255 191 239   0 255 255   0  64 255  16   0 255  64 255
255   0 255   0 191   0   0   0 255 255   0 255   0   0 255 255
255   0 255 255 255   0   0   0   0   0   0   0 255 255   0 255
255   0   0   0   0   0   0 255   0   0 255 255 255 255 255 255
255 255 255 255 255 255 255 255 255 255 255 255 255 255 255 255
255 255 255 255 255 255 255 255 255 255 255 255 255 255 255 255
255   0   0   0   0   0   0   0 255   0   0   0   0   0   0 255
255   0 255 255 255   0 255   0 255   0   0 255 255 255   0 255
255   0 255   0 191   0   0 255   0 255   0 191   0 255   0 255
255   0 255 191 239   0 191 191 255 255   0 239 191 255   0 255
255   0   0   0   0   0   0 255 255   0   0   0   0   0   0 255
255   0   0   0 255   0   0 255 255 255 255 191   0 255   0 255
255   0   0 255 255 255   0   0 255   0 255   0 255   0   0 255
255   0   0   0 191 255 255 255 255   0 255 255   0   0 255 255
255 255 255 255 255   0   0 255   0 255   0  64 255   0 255 255
255   0   0   0   0   0 255   0 255 255   0   0   0 255 255 255
255   0 255 191 239   0 255 255   0  64 255  16   0 255  64 255
255   0 255   0 191   0   0   0 255 255   0 255   0   0 255 255
255   0 255 255 255   0   0   0   0   0   0   0 255 255   0 255
255   0   0   0   0   0   0 255   0   0 255 255 255 255 255 255
255 255 255 255 255 255 255 255 255 255 255 255 255 255 255 255
255 255 255 255 255 255 255 255 255 255 255 255 255 255 255 255
255   0   0   0   0   0   0   0 255   0   0   0   0   0   0 255
255   0 255 255 255   0 255   0 255   0   0 255 255 255   0 255
255   0 255   0 191   0   0 255   0 255   0 191   0 255   0 255
255   0 255 191 239   0 191 191 255 255   0 239 191 255   0 255
255   0   0   0   0   0   0 255 255   0   0   0   0   0   0 255
255   0   0   0 255   0   0 255 255 255 255 191   0 255   0 255
255   0   0 255 255 255   0   0 255   0 255   0 255   0   0 255
255   0   0   0 191 255 255 255 255   0 255 255   0   0 255 255
255 255 255 255 255   0   0 255   0 255   0  64 255   0 255 255
255   0   0   0   0   0 255   0 255 255   0   0   0 255 255 255
255   0 255 191 239   0 255 255   0  64 255  16   0 255  64 255
255   0 255   0 191   0   0   0 255 255   0 255   0   0 255 255
255   0 255 255 255   0   0   0   0   0   0   0 255 255   0 255
255   0   0   0   0   0   0 255   0   0 255 255 255 255 255 255
255 255 255 255 255 255 255 255 255 255 255 255 255 255 255 255

255 255 255 255 255 255 255 255 255 255 255 255 255 255 255 255
255  73  40  40  40  60 114  40 208 255 255 141 255 127 255 255
255  40 213 151 206  24 187   0  81 120 245 151   8 255 168 255
255  40 151   0 135  24  88 193   6 167   7   0   8 255 248 255
255  40 206 135 199  24 177  26 225  78   0  56 255 104 255 255
255  60  24  24  24  46 239 181 199   8  24 242   8 118 235 255
255 114  88 250 255 103 197   0  68 197 255 120 170 156  40 255
255 255 232  60 229 199 199 255 211 124 255  26 193  33  40 255
255  87 114 253 135 181 131  56 168 187  56 225   6 114 208 255
255 114 187  88 177 103 145  88 150  88 239 255  88  88 114 255
255  60  24  24  24  46 103 204 186 103  46  24  24  24  60 255
255  40 206 135 199  24 255 199 106 255  24 199 135 206  40 255
255  40 151   0 135  24  88 201   8 250  24 135   0 151  40 255
255  40 213 151 206  24  88 137 137 187  24 206 151 213  40 255
255  73  40  40  40  60 114  40  40 255  60  40  40  40  73 255
255 255 255 255 255 255 255 255 255 255 255 255 255 255 255 255
255 255 255 255 255 255 255 255 255 255 255 255 255 255 255 255
255  73  40  40  40  60 114  40 208 255 255 141 255 127 255 255
255  40 213 151 206  24 187   0  81 120 245 151   8 255 168 255
255  40 151   0 135  24  88 193   6 167   7   0   8 255 248 255
255  40 206 135 199  24 177  26 225  78   0  56 255 104 255 255
255  60  24  24  24  46 239 181 199   8  24 242   8 118 235 255
255 114  88 250 255 103 197   0  68 197 255 120 170 156  40 255
255 255 232  60 229 199 199 255 211 124 255  26 193  33  40 255
255  87 114 253 135 181 131  56 168 187  56 225   6 114 208 255
255 114 187  88 177 103 145  88 150  88 239 255  88  88 114 255
255  60  24  24  24  46 103 204 186 103  46  24  24  24  60 255
255  40 206 135 199  24 255 199 106 255  24 199 135 206  40 255
255  40 151   0 135  24  88 201   8 250  24 135   0 151  40 255
255  40 213 151 206  24  88 137 137 187  24 206 151 213  40 255
255  73  40  40  40  60 114  40  40 255  60  40  40  40  73 255
255 255 255 255 255 255 255 255 255 255 255 255 255 255 255 255
255 255 255 255 255 255 255 255 255 255 255 255 255 255 255 255
255  73  40  40  40  60 114  40 208 255 255 141 255 127 255 255
255  40 213 151 206  24 187   0  81 120 245 151   8 255 168 255
255  40 151   0 135  24  88 193   6 167   7   0   8 255 248 255
255  40 206 135 199  24 177  26 225  78   0  56 255 104 255 255
255  60  24  24  24  46 239 181 199   8  24 242   8 118 235 255
255 114  88 250 255 103 197   0  68 197 255 120 170 156  40 255
255 255 232  60 229 199 199 255 211 124 255  26 193  33  40 255
255  87 114 253 135 181 131  56 168 187  56 225   6 114 208 255
255 114 187  88 177 103 145  88 150  88 239 255  88  88 114 255
255  60  24  24  24  46 103 204 186 103  46  24  24  24  60 255
255  40 206 135 199  24 255 199 106 255  24 199 135 206  40 255
255  40 151   0 135  24  88 201   8 250  24 135   0 151  40 255
255  40 213 151 206  24  88 137 137 187  24 206 151 213  40 255
255  73  40  40  40  60 114  40  40 255  60  40  40  40  73 255
255 255 255 255 255 255 255 255 255 255 255 255 255 255 255 255

255 255 255 255 255 255 255 255 255 255 255 255 255 255 255 255
255 255 168 248 255 235  40  40 208 114  60  40  40  40  73 255
255 127 255 255 104 118 156  33 114  88  24 206 151 213  40 255
255 255   8   8 255   8 170 193   6  88  24 135   0 151  40 255
255 141 151   0  56 242 120  26 225 255  24 199 135 206  40 255
255 255 245   7   0  24 255 255  56 239  46  24  24  24  60 255
255 255 120 167  78   8 197 124 187  88 103 255 250 187 255 255
255 208  81   6 225 199  68 211 168 150 186 106   8 137  40 255
255  40   0 193  26 181   0 255  56  88 204 199 201 137  40 255
255 114 187  88 177 239 197 199 131 145 103 255  88  88 114 255
255  60  24  24  24  46 103 199 181 103  46  24  24  24  60 255
255  40 206 135 199  24 255 229 135 177  24 199 135 206  40 255
255  40 151   0 135  24 250  60 253  88  24 135   0 151  40 255
255  40 213 151 206  24  88 232 114 187  24 206 151 213  40 255
255  73  40  40  40  60 114 255  87 114  60  40  40  40  73 255
255 255 255 255 255 255 255 255 255 255 255 255 255 255 255 255
255 255 255 255 255 255 255 255 255 255 255 255 255 255 255 255
255 255 168 248 255 235  40  40 208 114  60  40  40  40  73 255
255 127 255 255 104 118 156  33 114  88  24 206 151 213  40 255
255 255   8   8 255   8 170 193   6  88  24 135   0 151  40 255
255 141 151   0  56 242 120  26 225 255  24 199 135 206  40 255
255 255 245   7   0  24 255 255  56 239  46  24  24  24  60 255
255 255 120 167  78   8 197 124 187  88 103 255 250 187 255 255
255 208  81   6 225 199  68 211 168 150 186 106   8 137  40 255
255  40   0 193  26 181   0 255  56  88 204 199 201 137  40 255
255 114 187  88 177 239 197 199 131 145 103 255  88  88 114 255
255  60  24  24  24  46 103 199 181 103  46  24  24  24  60 255
255  40 206 135 199  24 255 229 135 177  24 199 135 206  40 255
255  40 151   0 135  24 250  60 253  88  24 135   0 151  40 255
255  40 213 151 206  24  88 232 114 187  24 206 151 213  40 255
255  73  40  40  40  60 114 255  87 114  60  40  40  40  73 255
255 255 255 255 255 255 255 255 255 255 255 255 255 255 255 255
255 255 255 255 255 255 255 255 255 255 255 255 255 255 255 255
255 255 168 248 255 235  40  40 208 114  60  40  40  40  73 255
255 127 255 255 104 118 156  33 114  88  24 206 151 213  40 255
255 255   8   8 255   8 170 193   6  88  24 135   0 151  40 255
255 141 151   0  56 242 120  26 225 255  24 199 135 206  40 255
255 255 245   7   0  24 255 255  56 239  46  24  24  24  60 255
255 255 120 167  78   8 197 124 187  88 103 255 250 187 255 255
255 208  81   6 225 199  68 211 168 150 186 106   8 137  40 255
255  40   0 193  26 181   0 255  56  88 204 199 201 137  40 255
255 114 187  88 177 239 197 199 131 145 103 255  88  88 114 255
255  60  24  24  24  46 103 199 181 103  46  24  24  24  60 255
255  40 206 135 199  24 255 229 135 177  24 199 135 206  40 255
255  40 151   0 135  24 250  60 253  88  24 135   0 151  40 255
255  40 213 151 206  24  88 232 114 187  24 206 151 213  40 255
255  73  40  40  40  60 114 255  87 114  60  40  40  40  73 255
255 255 255 255 255 255 255 255 255 255 255 255 255 255 255 255

255 255 255 255 255 255 255 255 255 255 255 255 255 255 255 255
255  73  40  40  40  60 255  40  40 114  60  40  40  40  73 255
255  40 213 151 206  24 187 137 137  88  24 206 151 213  40 255
255  40 151   0 135  24 250   8 201  88  24 135   0 151  40 255
255  40 206 135 199  24 255 106 199 255  24 199 135 206  40 255
255  60  24  24  24  46 103 186 204 103  46  24  24  24  60 255
255 114  88  88 255 239  88 150  88 145 103 177  88 187 114 255
255 208 114   6 225  56 187 168  56 131 181 135 253 114  87 255
255  40  33 193  26 255 124 211 255 199 199 229  60 232 255 255
255  40 156 170 120 255 197  68   0 197 103 255 250  88 114 255
255 235 118   8 242  24   8 199 181 239  46  24  24  24  60 255
255 255 104 255  56   0  78 225  26 177  24 199 135 206  40 255
255 248 255   8   0   7 167   6 193  88  24 135   0 151  40 255
255 168 255   8 151 245 120  81   0 187  24 206 151 213  40 255
255 255 127 255 141 255 255 208  40 114  60  40  40  40  73 255
255 255 255 255 255 255 255 255 255 255 255 255 255 255 255 255
255 255 255 255 255 255 255 255 255 255 255 255 255 255 255 255
255  73  40  40  40  60 255  40  40 114  60  40  40  40  73 255
255  40 213 151 206  24 187 137 137  88  24 206 151 213  40 255
255  40 151   0 135  24 250   8 201  88  24 135   0 151  40 255
255  40 206 135 199  24 255 106 199 255  24 199 135 206  40 255
255  60  24  24  24  46 103 186 204 103  46  24  24  24  60 255
255 114  88  88 255 239  88 150  88 145 103 177  88 187 114 255
255 208 114   6 225  56 187 168  56 131 181 135 253 114  87 255
255  40  33 193  26 255 124 211 255 199 199 229  60 232 255 255
255  40 156 170 120 255 197  68   0 197 103 255 250  88 114 255
255 235 118   8 242  24   8 199 181 239  46  24  24  24  60 255
255 255 104 255  56   0  78 225  26 177  24 199 135 206  40 255
255 248 255   8   0   7 167   6 193  88  24 135   0 151  40 255
255 168 255   8 151 245 120  81   0 187  24 206 151 213  40 255
255 255 127 255 141 255 255 208  40 114  60  40  40  40  73 255
255 255 255 255 255 255 255 255 255 255 255 255 255 255 255 255
255 255 255 255 255 255 255 255 255 255 255 255 255 255 255 255
255  73  40  40  40  60 255  40  40 114  60  40  40  40  73 255
255  40 213 151 206  24 187 137 137  88  24 206 151 213  40 255
255  40 151   0 135  24 250   8 201  88  24 135   0 151  40 255
255  40 206 135 199  24 255 106 199 255  24 199 135 206  40 255
255  60  24  24  24  46 103 186 204 103  46  24  24  24  60 255
255 114  88  88 255 239  88 150  88 145 103 177  88 187 114 255
255 208 114   6 225  56 187 168  56 131 181 135 253 114  87 255
255  40  33 193  26 255 124 211 255 199 199 229  60 232 255 255
255  40 156 170 120 255 197  68   0 197 103 255 250  88 114 255
255 235 118   8 242  24   8 199 181 239  46  24  24  24  60 255
255 255 104 255  56   0  78 225  26 177  24 199 135 206  40 255
255 248 255   8   0   7 167   6 193  88  24 135   0 151  40 255
255 168 255   8 151 245 120  81   0 187  24 206 151 213  40 255
255 255 127 255 141 255 255 208  40 114  60  40  40  40  73 255
255 255 255 255 255 255 255 255 255 255 255 255 255 255 255 255
