255 255 255 255 255 255 255 255 255 255 255 255 255 255 255 255
255   0   0   0   0   0   0 255   0   0   0   0   0   0   0 255
255   0 255 255 255   0 255 255   0 255   0 255 255 255   0 255
255   0 255   0 191   0   0   0 255   0   0 191   0 255   0 255
255   0 255 191 239   0 191  64   0  64   0 239 191 255   0 255
255   0   0   0   0   0   0 255 255   0   0   0   0   0   0 255
255   0   0   0 255   0   0   0   0   0 255 191   0 255   0 255
255 255   0   0  64 255 255 255 255   0   0   0   0 255   0 255
255   0   0 255  64 255 255 255   0   0 255 255   0 255 255 255
255 255   0 255 255   0   0 255 255   0   0 191 255 255 255 255
255   0   0   0   0   0 255 255   0 255 255   0   0 255 255 255
255   0 255 191 239   0 255 191  64  64 255 239   0   0 255 255
255   0 255   0 191   0   0 255   0   0 255 255 255   0 255 255
255   0 255 255 255   0   0   0   0 255   0 255 255 255   0 255
255   0   0   0   0   0   0 255   0   0   0  64 255 255 255 255
255 255 255 255 255 255 255 255 255 255 255 255 255 255 255 255
255 255 255 255 255 255 255 255 255 255 255 255 255 255 255 255
255   0   0   0   0   0   0 255   0   0   0   0   0   0   0 255
255   0 255 255 255   0 255 255   0 255   0 255 255 255   0 255
255   0 255   0 191   0   0   0 255   0   0 191   0 255   0 255
255   0 255 191 239   0 191  64   0  64   0 239 191 255   0 255
255   0   0   0   0   0   0 255 255   0   0   0   0   0   0 255
255   0   0   0 255   0   0   0   0   0 255 191   0 255   0 255
255 255   0   0  64 255 255 255 255   0   0   0   0 255   0 255
255   0   0 255  64 255 255 255   0   0 255 255   0 255 255 255
255 255   0 255 255   0   0 255 255   0   0 191 255 255 255 255
255   0   0   0   0   0 255 255   0 255 255   0   0 255 255 255
255   0 255 191 239   0 255 191  64  64 255 239   0   0 255 255
255   0 255   0 191   0   0 255   0   0 255 255 255   0 255 255
255   0 255 255 255   0   0   0   0 255   0 255 255 255   0 255
255   0   0   0   0   0   0 255   0   0   0  64 255 255 255 255
255 255 255 255 255 255 255 255 255 255 255 255 255 255 255 255
255 255 255 255 255 255 255 255 255 255 255 255 255 255 255 255
255   0   0   0   0   0   0 255   0   0   0   0   0   0   0 255
255   0 255 255 255   0 255 255   0 255   0 255 255 255   0 255
255   0 255   0 191   0   0   0 255   0   0 191   0 255   0 255
255   0 255 191 239   0 191  64   0  64   0 239 191 255   0 255
255   0   0   0   0   0   0 255 255   0   0   0   0   0   0 255
255   0   0   0 255   0   0   0   0   0 255 191   0 255   0 255
255 255   0   0  64 255 255 255 255   0   0   0   0 255   0 255
255   0   0 255  64 255 255 255   0   0 255 255   0 255 255 255
255 255   0 255 255   0   0 255 255   0   0 191 255 255 255 255
255   0   0   0   0   0 255 255   0 255 255   0   0 255 255 255
255   0 255 191 239   0 255 191  64  64 255 239   0   0 255 255
255   0 255   0 191   0   0 255   0   0 255 255 255   0 255 255
255   0 255 255 255   0   0   0   0 255   0 255 255 255   0 255
255   0   0   0   0   0   0 255   0   0   0  64 255 255 255 255
255 255 255 255 255 255 255 255 255 255 255 255 255 255 255 255

255 255 255 255 255 255 255 255 255 255 255 255 255 255 255 255
255  73  40  40  40  60 114  40 208 255 255 255 255 127 255 255
255  40 213 151 206  24 187 222 222 219 151   0 105 213 168 255
255  40 151   0 135  24  88   8   8 167   0   0 247 151 248 255
255  40 206 135 199  24 177  26 225 135  13 199 255 255 141 255
255  60  24  24  24  46 239  51 231  24 212 231 232 104  40 255
255 114 255  93 166  88  30  37  37  88 160  78   3 135  40 255
255  40  23 249  26 186  19 199   0 255  74  93   2  23  87 255
255 208 141  56 120 204  88 243 199 187 236 106 195  23 255 255
255 114 187  88 177 103 145 218 150  30 239 255  88  88 114 255
255  60  24  24  24  46 103 204 186  88  46  24  24  24  60 255
255  40 206 135 199  24 255  93  93 255  24 199 135 206  40 255
255  40 151   0 135  24  88   6 193 255  24 135   0 151  40 255
255  40 213 151 206  24  88 114  33 156  24 206 151 213  40 255
255  73  40  40  40  60 114 255  87 255  60  40  40  40  73 255
255 255 255 255 255 255 255 255 255 255 255 255 255 255 255 255
255 255 255 255 255 255 255 255 255 255 255 255 255 255 255 255
255  73  40  40  40  60 114  40 208 255 255 255 255 127 255 255
255  40 213 151 206  24 187 222 222 219 151   0 105 213 168 255
255  40 151   0 135  24  88   8   8 167   0   0 247 151 248 255
255  40 206 135 199  24 177  26 225 135  13 199 255 255 141 255
255  60  24  24  24  46 239  51 231  24 212 231 232 104  40 255
255 114 255  93 166  88  30  37  37  88 160  78   3 135  40 255
255  40  23 249  26 186  19 199   0 255  74  93   2  23  87 255
255 208 141  56 120 204  88 243 199 187 236 106 195  23 255 255
255 114 187  88 177 103 145 218 150  30 239 255  88  88 114 255
255  60  24  24  24  46 103 204 186  88  46  24  24  24  60 255
255  40 206 135 199  24 255  93  93 255  24 199 135 206  40 255
255  40 151   0 135  24  88   6 193 255  24 135   0 151  40 255
255  40 213 151 206  24  88 114  33 156  24 206 151 213  40 255
255  73  40  40  40  60 114 255  87 255  60  40  40  40  73 255
255 255 255 255 255 255 255 255 255 255 255 255 255 255 255 255
255 255 255 255 255 255 255 255 255 255 255 255 255 255 255 255
255  73  40  40  40  60 114  40 208 255 255 255 255 127 255 255
255  40 213 151 206  24 187 222 222 219 151   0 105 213 168 255
255  40 151   0 135  24  88   8   8 167   0   0 247 151 248 255
255  40 206 135 199  24 177  26 225 135  13 199 255 255 141 255
255  60  24  24  24  46 239  51 231  24 212 231 232 104  40 255
255 114 255  93 166  88  30  37  37  88 160  78   3 135  40 255
255  40  23 249  26 186  19 199   0 255  74  93   2  23  87 255
255 208 141  56 120 204  88 243 199 187 236 106 195  23 255 255
255 114 187  88 177 103 145 218 150  30 239 255  88  88 114 255
255  60  24  24  24  46 103 204 186  88  46  24  24  24  60 255
255  40 206 135 199  24 255  93  93 255  24 199 135 206  40 255
255  40 151   0 135  24  88   6 193 255  24 135   0 151  40 255
255  40 213 151 206  24  88 114  33 156  24 206 151 213  40 255
255  73  40  40  40  60 114 255  87 255  60  40  40  40  73 255
255 255 255 255 255 255 255 255 255 255 255 255 255 255 255 255

255 255 255 255 255 255 255 255 255 255 255 255 255 255 255 255
255 255 168 248 141  40  40  87 255 114  60  40  40  40  73 255
255 127 213 151 255 104 135  23  23  88  24 206 151 213  40 255
255 255 105 247 255 232   3   2 195  88  24 135   0 151  40 255
255 255   0   0 199 231  78  93 106 255  24 199 135 206  40 255
255 255 151   0  13 212 160  74 236 239  46  24  24  24  60 255
255 255 219 167 135  24  88 255 187  30  88 255 255 156 255 255
255 208 222   8 225 231  37   0 199 150 186  93 193  33  87 255
255  40 222   8  26  51  37 199 243 218 204  93   6 114 255 255
255 114 187  88 177 239  30  19  88 145 103 255  88  88 114 255
255  60  24  24  24  46  88 186 204 103  46  24  24  24  60 255
255  40 206 135 199  24 166  26 120 177  24 199 135 206  40 255
255  40 151   0 135  24  93 249  56  88  24 135   0 151  40 255
255  40 213 151 206  24 255  23 141 187  24 206 151 213  40 255
255  73  40  40  40  60 114  40 208 114  60  40  40  40  73 255
255 255 255 255 255 255 255 255 255 255 255 255 255 255 255 255
255 255 255 255 255 255 255 255 255 255 255 255 255 255 255 255
255 255 168 248 141  40  40  87 255 114  60  40  40  40  73 255
255 127 213 151 255 104 135  23  23  88  24 206 151 213  40 255
255 255 105 247 255 232   3   2 195  88  24 135   0 151  40 255
255 255   0   0 199 231  78  93 106 255  24 199 135 206  40 255
255 255 151   0  13 212 160  74 236 239  46  24  24  24  60 255
255 255 219 167 135  24  88 255 187  30  88 255 255 156 255 255
255 208 222   8 225 231  37   0 199 150 186  93 193  33  87 255
255  40 222   8  26  51  37 199 243 218 204  93   6 114 255 255
255 114 187  88 177 239  30  19  88 145 103 255  88  88 114 255
255  60  24  24  24  46  88 186 204 103  46  24  24  24  60 255
255  40 206 135 199  24 166  26 120 177  24 199 135 206  40 255
255  40 151   0 135  24  93 249  56  88  24 135   0 151  40 255
255  40 213 151 206  24 255  23 141 187  24 206 151 213  40 255
255  73  40  40  40  60 114  40 208 114  60  40  40  40  73 255
255 255 255 255 255 255 255 255 255 255 255 255 255 255 255 255
255 255 255 255 255 255 255 255 255 255 255 255 255 255 255 255
255 255 168 248 141  40  40  87 255 114  60  40  40  40  73 255
255 127 213 151 255 104 135  23  23  88  24 206 151 213  40 255
255 255 105 247 255 232   3   2 195  88  24 135   0 151  40 255
255 255   0   0 199 231  78  93 106 255  24 199 135 206  40 255
255 255 151   0  13 212 160  74 236 239  46  24  24  24  60 255
255 255 219 167 135  24  88 255 187  30  88 255 255 156 255 255
255 208 222   8 225 231  37   0 199 150 186  93 193  33  87 255
255  40 222   8  26  51  37 199 243 218 204  93   6 114 255 255
255 114 187  88 177 239  30  19  88 145 103 255  88  88 114 255
255  60  24  24  24  46  88 186 204 103  46  24  24  24  60 255
255  40 206 135 199  24 166  26 120 177  24 199 135 206  40 255
255  40 151   0 135  24  93 249  56  88  24 135   0 151  40 255
255  40 213 151 206  24 255  23 141 187  24 206 151 213  40 255
255  73  40  40  40  60 114  40 208 114  60  40  40  40  73 255
255 255 255 255 255 255 255 255 255 255 255 255 255 255 255 255

255 255 255 255 255 255 255 255 255 255 255 255 255 255 255 255
255  73  40  40  40  60 255  87 255 114  60  40  40  40  73 255
255  40 213 151 206  24 156  33 114  88  24 206 151 213  40 255
255  40 151   0 135  24 255 193   6  88  24 135   0 151  40 255
255  40 206 135 199  24 255  93  93 255  24 199 135 206  40 255
255  60  24  24  24  46  88 186 204 103  46  24  24  24  60 255
255 114  88  88 255 239  30 150 218 145 103 177  88 187 114 255
255 255  23 195 106 236 187 199 243  88 204 120  56 141 208 255
255  87  23   2  93  74 255   0 199  19 186  26 249  23  40 255
255  40 135   3  78 160  88  37  37  30  88 166  93 255 114 255
255  40 104 232 231 212  24 231  51 239  46  24  24  24  60 255
255 141 255 255 199  13 135 225  26 177  24 199 135 206  40 255
255 248 151 247   0   0 167   8   8  88  24 135   0 151  40 255
255 168 213 105   0 151 219 222 222 187  24 206 151 213  40 255
255 255 127 255 255 255 255 208  40 114  60  40  40  40  73 255
255 255 255 255 255 255 255 255 255 255 255 255 255 255 255 255
255 255 255 255 255 255 255 255 255 255 255 255 255 255 255 255
255  73  40  40  40  60 255  87 255 114  60  40  40  40  73 255
255  40 213 151 206  24 156  33 114  88  24 206 151 213  40 255
255  40 151   0 135  24 255 193   6  88  24 135   0 151  40 255
255  40 206 135 199  24 255  93  93 255  24 199 135 206  40 255
255  60  24  24  24  46  88 186 204 103  46  24  24  24  60 255
255 114  88  88 255 239  30 150 218 145 103 177  88 187 114 255
255 255  23 195 106 236 187 199 243  88 204 120  56 141 208 255
255  87  23   2  93  74 255   0 199  19 186  26 249  23  40 255
255  40 135   3  78 160  88  37  37  30  88 166  93 255 114 255
255  40 104 232 231 212  24 231  51 239  46  24  24  24  60 255
255 141 255 255 199  13 135 225  26 177  24 199 135 206  40 255
255 248 151 247   0   0 167   8   8  88  24 135   0 151  40 255
255 168 213 105   0 151 219 222 222 187  24 206 151 213  40 255
255 255 127 255 255 255 255 208  40 114  60  40  40  40  73 255
255 255 255 255 255 255 255 255 255 255 255 255 255 255 255 255
255 255 255 255 255 255 255 255 255 255 255 255 255 255 255 255
255  73  40  40  40  60 255  87 255 114  60  40  40  40  73 255
255  40 213 151 206  24 156  33 114  88  24 206 151 213  40 255
255  40 151   0 135  24 255 193   6  88  24 135   0 151  40 255
255  40 206 135 199  24 255  93  93 255  24 199 135 206  40 255
255  60  24  24  24  46  88 186 204 103  46  24  24  24  60 255
255 114  88  88 255 239  30 150 218 145 103 177  88 187 114 255
255 255  23 195 106 236 187 199 243  88 204 120  56 141 208 255
255  87  23   2  93  74 255   0 199  19 186  26 249  23  40 255
255  40 135   3  78 160  88  37  37  30  88 166  93 255 114 255
255  40 104 232 231 212  24 231  51 239  46  24  24  24  60 255
255 141 255 255 199  13 135 225  26 177  24 199 135 206  40 255
255 248 151 247   0   0 167   8   8  88  24 135   0 151  40 255
255 168 213 105   0 151 219 222 222 187  24 206 151 213  40 255
255 255 127 255 255 255 255 208  40 114  60  40  40  40  73 255
255 255 255 255 255 255 255 255 255 255 255 255 255 255 255 255
