255 255 255 255 255 255 255 255 255 255 255 255 255 255 255 255
255   0   0   0   0   0 255   0   0   0   0   0   0   0   0 255
255   0 255 255 255   0 255   0   0 255   0 255 255 255   0 255
255   0 255   0 191   0 255   0   0 255   0 191   0 255   0 255
255   0 255 191 239   0 255 255 255   0   0 239 191 255   0 255
255   0   0   0   0   0   0 255 255   0   0   0   0   0   0 255
255   0   0 255   0   0   0   0   0 255   0 255 255 255 255 255
255   0   0 255   0 255 255 255 255 255   0 255   0 255   0 255
255 255 255 255 191 255   0 255 255 255   0 255 255   0 255 255
255   0 255   0  64   0 255   0 255   0   0 191 255   0   0 255
255   0   0   0   0   0   0 255   0 255   0  64   0   0   0 255
255   0 255 191 239   0   0 191   0  64 191  16 255 191 191 255
255   0 255   0 191   0 255   0 255 255   0  64   0   0 255 255
255   0 255 255 255   0   0   0 255 255   0  64 255   0 255 255
255   0   0   0   0   0   0 255 255   0   0  64 255   0   0 255
255 255 255 255 255 255 255 255 255 255 255 255 255 255 255 255
255 255 255 255 255 255 255 255 255 255 255 255 255 255 255 255
255   0   0   0   0   0 255   0   0   0   0   0   0   0   0 255
255   0 255 255 255   0 255   0   0 255   0 255 255 255   0 255
255   0 255   0 191   0 255   0   0 255   0 191   0 255   0 255
255   0 255 191 239   0 255 255 255   0   0 239 191 255   0 255
255   0   0   0   0   0   0 255 255   0   0   0   0   0   0 255
255   0   0 255   0   0   0   0   0 255   0 255 255 255 255 255
255   0   0 255   0 255 255 255 255 255   0 255   0 255   0 255
255 255 255 255 191 255   0 255 255 255   0 255 255   0 255 255
255   0 255   0  64   0 255   0 255   0   0 191 255   0   0 255
255   0   0   0   0   0   0 255   0 255   0  64   0   0   0 255
255   0 255 191 239   0   0 191   0  64 191  16 255 191 191 255
255   0 255   0 191   0 255   0 255 255   0  64   0   0 255 255
255   0 255 255 255   0   0   0 255 255   0  64 255   0 255 255
255   0   0   0   0   0   0 255 255   0   0  64 255   0   0 255
255 255 255 255 255 255 255 255 255 255 255 255 255 255 255 255
255 255 255 255 255 255 255 255 255 255 255 255 255 255 255 255
255   0   0   0   0   0 255   0   0   0   0   0   0   0   0 255
255   0 255 255 255   0 255   0   0 255   0 255 255 255   0 255
255   0 255   0 191   0 255   0   0 255   0 191   0 255   0 255
255   0 255 191 239   0 255 255 255   0   0 239 191 255   0 255
255   0   0   0   0   0   0 255 255   0   0   0   0   0   0 255
255   0   0 255   0   0   0   0   0 255   0 255 255 255 255 255
255   0   0 255   0 255 255 255 255 255   0 255   0 255   0 255
255 255 255 255 191 255   0 255 255 255   0 255 255   0 255 255
255   0 255   0  64   0 255   0 255   0   0 191 255   0   0 255
255   0   0   0   0   0   0 255   0 255   0  64   0   0   0 255
255   0 255 191 239   0   0 191   0  64 191  16 255 191 191 255
255   0 255   0 191   0 255   0 255 255   0  64   0   0 255 255
255   0 255 255 255   0   0   0 255 255   0  64 255   0 255 255
255   0   0   0   0   0   0 255 255   0   0  64 255   0   0 255
255 255 255 255 255 255 255 255 255 255 255 255 255 255 255 255

255 255 255 255 255 255 255 255 255 255 255 255 255 255 255 255
255  73  40  40  40  60 255  40 208  40  40 154 248 168  73 255
255  40 213 151 206  24 187 222 104 120  14 184 105 123 127 255
255  40 151   0 135  24 250  62 255 167   0 255   8 151 255 255
255  40 206 135 199  24 255 229 229 130 120  56 120 126 141 255
255  60  24  24  24  46  88  74  74  95  22 123  31 118  60 255
255 114 187 250  88  88 140 218 218 115 167  78 250 187 114 255
255  87  23  56 229 186  19 211 255 167  51  30 255 255 208 255
255  87  23  56 229 186  19 168 211 105 250 135  62 137 208 255
255 255 187 250 255  88  30 167 105 197  88  88 250  88 114 255
255  60  24  24  24  46  88 181 199 103  46  24  24  24  60 255
255  40 206 135 199  24  88  56 162 166  24 199 135 206  40 255
255  40 151   0 135  24 250 195 195  88  24 135   0 151  40 255
255  40 213 151 206  24  88  56 174 187  24 206 151 213  40 255
255  73  40  40  40  60 114  87 255 114  60  40  40  40  73 255
255 255 255 255 255 255 255 255 255 255 255 255 255 255 255 255
255 255 255 255 255 255 255 255 255 255 255 255 255 255 255 255
255  73  40  40  40  60 255  40 208  40  40 154 248 168  73 255
255  40 213 151 206  24 187 222 104 120  14 184 105 123 127 255
255  40 151   0 135  24 250  62 255 167   0 255   8 151 255 255
255  40 206 135 199  24 255 229 229 130 120  56 120 126 141 255
255  60  24  24  24  46  88  74  74  95  22 123  31 118  60 255
255 114 187 250  88  88 140 218 218 115 167  78 250 187 114 255
255  87  23  56 229 186  19 211 255 167  51  30 255 255 208 255
255  87  23  56 229 186  19 168 211 105 250 135  62 137 208 255
255 255 187 250 255  88  30 167 105 197  88  88 250  88 114 255
255  60  24  24  24  46  88 181 199 103  46  24  24  24  60 255
255  40 206 135 199  24  88  56 162 166  24 199 135 206  40 255
255  40 151   0 135  24 250 195 195  88  24 135   0 151  40 255
255  40 213 151 206  24  88  56 174 187  24 206 151 213  40 255
255  73  40  40  40  60 114  87 255 114  60  40  40  40  73 255
255 255 255 255 255 255 255 255 255 255 255 255 255 255 255 255
255 255 255 255 255 255 255 255 255 255 255 255 255 255 255 255
255  73  40  40  40  60 255  40 208  40  40 154 248 168  73 255
255  40 213 151 206  24 187 222 104 120  14 184 105 123 127 255
255  40 151   0 135  24 250  62 255 167   0 255   8 151 255 255
255  40 206 135 199  24 255 229 229 130 120  56 120 126 141 255
255  60  24  24  24  46  88  74  74  95  22 123  31 118  60 255
255 114 187 250  88  88 140 218 218 115 167  78 250 187 114 255
255  87  23  56 229 186  19 211 255 167  51  30 255 255 208 255
255  87  23  56 229 186  19 168 211 105 250 135  62 137 208 255
255 255 187 250 255  88  30 167 105 197  88  88 250  88 114 255
255  60  24  24  24  46  88 181 199 103  46  24  24  24  60 255
255  40 206 135 199  24  88  56 162 166  24 199 135 206  40 255
255  40 151   0 135  24 250 195 195  88  24 135   0 151  40 255
255  40 213 151 206  24  88  56 174 187  24 206 151 213  40 255
255  73  40  40  40  60 114  87 255 114  60  40  40  40  73 255
255 255 255 255 255 255 255 255 255 255 255 255 255 255 255 255

255 255 255 255 255 255 255 255 255 255 255 255 255 255 255 255
255  73 127 255 141  60 114 208 208 114  60  40  40  40  73 255
255 168 123 151 126 118 187 255 137  88  24 206 151 213  40 255
255 248 105   8 120  31 250 255  62 250  24 135   0 151  40 255
255 154 184 255  56 123  78  30 135  88  24 199 135 206  40 255
255  40  14   0 120  22 167  51 250  88  46  24  24  24  60 255
255  40 120 167 130  95 115 167 105 197 103 166  88 187 114 255
255 208 104 255 229  74 218 255 211 105 199 162 195 174 255 255
255  40 222  62 229  74 218 211 168 167 181  56 195  56  87 255
255 255 187 250 255  88 140  19  19  30  88  88 250  88 114 255
255  60  24  24  24  46  88 186 186  88  46  24  24  24  60 255
255  40 206 135 199  24  88 229 229 255  24 199 135 206  40 255
255  40 151   0 135  24 250  56  56 250  24 135   0 151  40 255
255  40 213 151 206  24 187  23  23 187  24 206 151 213  40 255
255  73  40  40  40  60 114  87  87 255  60  40  40  40  73 255
255 255 255 255 255 255 255 255 255 255 255 255 255 255 255 255
255 255 255 255 255 255 255 255 255 255 255 255 255 255 255 255
255  73 127 255 141  60 114 208 208 114  60  40  40  40  73 255
255 168 123 151 126 118 187 255 137  88  24 206 151 213  40 255
255 248 105   8 120  31 250 255  62 250  24 135   0 151  40 255
255 154 184 255  56 123  78  30 135  88  24 199 135 206  40 255
255  40  14   0 120  22 167  51 250  88  46  24  24  24  60 255
255  40 120 167 130  95 115 167 105 197 103 166  88 187 114 255
255 208 104 255 229  74 218 255 211 105 199 162 195 174 255 255
255  40 222  62 229  74 218 211 168 167 181  56 195  56  87 255
255 255 187 250 255  88 140  19  19  30  88  88 250  88 114 255
255  60  24  24  24  46  88 186 186  88  46  24  24  24  60 255
255  40 206 135 199  24  88 229 229 255  24 199 135 206  40 255
255  40 151   0 135  24 250  56  56 250  24 135   0 151  40 255
255  40 213 151 206  24 187  23  23 187  24 206 151 213  40 255
255  73  40  40  40  60 114  87  87 255  60  40  40  40  73 255
255 255 255 255 255 255 255 255 255 255 255 255 255 255 255 255
255 255 255 255 255 255 255 255 255 255 255 255 255 255 255 255
255  73 127 255 141  60 114 208 208 114  60  40  40  40  73 255
255 168 123 151 126 118 187 255 137  88  24 206 151 213  40 255
255 248 105   8 120  31 250 255  62 250  24 135   0 151  40 255
255 154 184 255  56 123  78  30 135  88  24 199 135 206  40 255
255  40  14   0 120  22 167  51 250  88  46  24  24  24  60 255
255  40 120 167 130  95 115 167 105 197 103 166  88 187 114 255
255 208 104 255 229  74 218 255 211 105 199 162 195 174 255 255
255  40 222  62 229  74 218 211 168 167 181  56 195  56  87 255
255 255 187 250 255  88 140  19  19  30  88  88 250  88 114 255
255  60  24  24  24  46  88 186 186  88  46  24  24  24  60 255
255  40 206 135 199  24  88 229 229 255  24 199 135 206  40 255
255  40 151   0 135  24 250  56  56 250  24 135   0 151  40 255
255  40 213 151 206  24 187  23  23 187  24 206 151 213  40 255
255  73  40  40  40  60 114  87  87 255  60  40  40  40  73 255
255 255 255 255 255 255 255 255 255 255 255 255 255 255 255 255

255 255 255 255 255 255 255 255 255 255 255 255 255 255 255 255
255  73  40  40  40  60 114 255  87 114  60  40  40  40  73 255
255  40 213 151 206  24 187 174  56  88  24 206 151 213  40 255
255  40 151   0 135  24  88 195 195 250  24 135   0 151  40 255
255  40 206 135 199  24 166 162  56  88  24 199 135 206  40 255
255  60  24  24  24  46 103 199 181  88  46  24  24  24  60 255
255 114  88 250  88  88 197 105 167  30  88 255 250 187 255 255
255 208 137  62 135 250 105 211 168  19 186 229  56  23  87 255
255 208 255 255  30  51 167 255 211  19 186 229  56  23  87 255
255 114 187 250  78 167 115 218 218 140  88  88 250 187 114 255
255  60 118  31 123  22  95  74  74  88  46  24  24  24  60 255
255 141 126 120  56 120 130 229 229 255  24 199 135 206  40 255
255 255 151   8 255   0 167 255  62 250  24 135   0 151  40 255
255 127 123 105 184  14 120 104 222 187  24 206 151 213  40 255
255  73 168 248 154  40  40 208  40 255  60  40  40  40  73 255
255 255 255 255 255 255 255 255 255 255 255 255 255 255 255 255
255 255 255 255 255 255 255 255 255 255 255 255 255 255 255 255
255  73  40  40  40  60 114 255  87 114  60  40  40  40  73 255
255  40 213 151 206  24 187 174  56  88  24 206 151 213  40 255
255  40 151   0 135  24  88 195 195 250  24 135   0 151  40 255
255  40 206 135 199  24 166 162  56  88  24 199 135 206  40 255
255  60  24  24  24  46 103 199 181  88  46  24  24  24  60 255
255 114  88 250  88  88 197 105 167  30  88 255 250 187 255 255
255 208 137  62 135 250 105 211 168  19 186 229  56  23  87 255
255 208 255 255  30  51 167 255 211  19 186 229  56  23  87 255
255 114 187 250  78 167 115 218 218 140  88  88 250 187 114 255
255  60 118  31 123  22  95  74  74  88  46  24  24  24  60 255
255 141 126 120  56 120 130 229 229 255  24 199 135 206  40 255
255 255 151   8 255   0 167 255  62 250  24 135   0 151  40 255
255 127 123 105 184  14 120 104 222 187  24 206 151 213  40 255
255  73 168 248 154  40  40 208  40 255  60  40  40  40  73 255
255 255 255 255 255 255 255 255 255 255 255 255 255 255 255 255
255 255 255 255 255 255 255 255 255 255 255 255 255 255 255 255
255  73  40  40  40  60 114 255  87 114  60  40  40  40  73 255
255  40 213 151 206  24 187 174  56  88  24 206 151 213  40 255
255  40 151   0 135  24  88 195 195 250  24 135   0 151  40 255
255  40 206 135 199  24 166 162  56  88  24 199 135 206  40 255
255  60  24  24  24  46 103 199 181  88  46  24  24  24  60 255
255 114  88 250  88  88 197 105 167  30  88 255 250 187 255 255
255 208 137  62 135 250 105 211 168  19 186 229  56  23  87 255
255 208 255 255  30  51 167 255 211  19 186 229  56  23  87 255
255 114 187 250  78 167 115 218 218 140  88  88 250 187 114 255
255  60 118  31 123  22  95  74  74  88  46  24  24  24  60 255
255 141 126 120  56 120 130 229 229 255  24 199 135 206  40 255
255 255 151   8 255   0 167 255  62 250  24 135   0 151  40 255
255 127 123 105 184  14 120 104 222 187  24 206 151 213  40 255
255  73 168 248 154  40  40 208  40 255  60  40  40  40  73 255
255 255 255 255 255 255 255 255 255 255 255 255 255 255 255 255
