255 255 255 255 255 255 255 255 255 255 255 255 255 255 255 255
255   0   0   0   0   0 255 255 255   0   0   0   0   0   0 255
255   0 255 255 255   0 255 255 255   0   0 255 255 255   0 255
255   0 255   0 191   0 255 255 255   0   0 191   0 255   0 255
255   0 255 191 239   0 255   0   0 191   0 239 191 255   0 255
255   0   0   0   0   0   0 255 255   0   0   0   0   0   0 255
255   0   0 255   0   0   0 255 255   0   0 255 255 255 255 255
255 255 255   0 255 255   0   0   0 255 255   0 255   0   0 255
255 255   0   0 255 255   0 255   0   0 255   0 255   0 255 255
255   0   0 255  64   0   0 255   0 255   0  64   0   0   0 255
255   0   0   0   0   0   0   0 255   0 255   0   0   0   0 255
255   0 255 191 239   0   0   0 255 191   0 159  64  64 255 255
255   0 255   0 191   0 255 255   0 255 255   0   0   0 255 255
255   0 255 255 255   0   0 255   0   0 255  64 255   0 255 255
255   0   0   0   0   0   0   0   0 255   0 191   0   0   0 255
255 255 255 255 255 255 255 255 255 255 255 255 255 255 255 255
255 255 255 255 255 255 255 255 255 255 255 255 255 255 255 255
255   0   0   0   0   0 255 255 255   0   0   0   0   0   0 255
255   0 255 255 255   0 255 255 255   0   0 255 255 255   0 255
255   0 255   0 191   0 255 255 255   0   0 191   0 255   0 255
255   0 255 191 239   0 255   0   0 191   0 239 191 255   0 255
255   0   0   0   0   0   0 255 255   0   0   0   0   0   0 255
255   0   0 255   0   0   0 255 255   0   0 255 255 255 255 255
255 255 255   0 255 255   0   0   0 255 255   0 255   0   0 255
255 255   0   0 255 255   0 255   0   0 255   0 255   0 255 255
255   0   0 255  64   0   0 255   0 255   0  64   0   0   0 255
255   0   0   0   0   0   0   0 255   0 255   0   0   0   0 255
255   0 255 191 239   0   0   0 255 191   0 159  64  64 255 255
255   0 255   0 191   0 255 255   0 255 255   0   0   0 255 255
255   0 255 255 255   0   0 255   0   0 255  64 255   0 255 255
255   0   0   0   0   0   0   0   0 255   0 191   0   0   0 255
255 255 255 255 255 255 255 255 255 255 255 255 255 255 255 255
255 255 255 255 255 255 255 255 255 255 255 255 255 255 255 255
255   0   0   0   0   0 255 255 255   0   0   0   0   0   0 255
255   0 255 255 255   0 255 255 255   0   0 255 255 255   0 255
255   0 255   0 191   0 255 255 255   0   0 191   0 255   0 255
255   0 255 191 239   0 255   0   0 191   0 239 191 255   0 255
255   0   0   0   0   0   0 255 255   0   0   0   0   0   0 255
255   0   0 255   0   0   0 255 255   0   0 255 255 255 255 255
255 255 255   0 255 255   0   0   0 255 255   0 255   0   0 255
255 255   0   0 255 255   0 255   0   0 255   0 255   0 255 255
255   0   0 255  64   0   0 255   0 255   0  64   0   0   0 255
255   0   0   0   0   0   0   0 255   0 255   0   0   0   0 255
255   0 255 191 239   0   0   0 255 191   0 159  64  64 255 255
255   0 255   0 191   0 255 255   0 255 255   0   0   0 255 255
255   0 255 255 255   0   0 255   0   0 255  64 255   0 255 255
255   0   0   0   0   0   0   0   0 255   0 191   0   0   0 255
255 255 255 255 255 255 255 255 255 255 255 255 255 255 255 255

255 255 255 255 255 255 255 255 255 255 255 255 255 255 255 255
255  73  40  40  40  60 255  40 208  40  40 255 248 168  73 255
255  40 213 151 206  24 187  81  81 104 104 175 105 123 127 255
255  40 151   0 135  24 250 199 199  93  31 124  15 252  47 255
255  40 206 135 199  24 255   0   0  78   0 128   0  71 154 255
255  60  24  24  24  46  88 204 186  24 233  24 224 137  40 255
255 114 156  93 177 103  88 255  56 255 103 177 167  68 181 255
255 208 232 253  26 199 199  44   0  68 250 255   0  33  40 255
255 208 232 253  26 199 199  87 199 199  69  56 199 232  40 255
255 255 187 250 255  88  30  19  19  88  88  88 250  88 114 255
255  60  24  24  24  46  88 186 186 103  46  24  24  24  60 255
255  40 206 135 199  24  88 229 229 166  24 199 135 206  40 255
255  40 151   0 135  24 250   0   6 250  24 135   0 151  40 255
255  40 213 151 206  24  88 151 114  88  24 206 151 213  40 255
255  73  40  40  40  60 114 208 208 114  60  40  40  40  73 255
255 255 255 255 255 255 255 255 255 255 255 255 255 255 255 255
255 255 255 255 255 255 255 255 255 255 255 255 255 255 255 255
255  73  40  40  40  60 255  40 208  40  40 255 248 168  73 255
255  40 213 151 206  24 187  81  81 104 104 175 105 123 127 255
255  40 151   0 135  24 250 199 199  93  31 124  15 252  47 255
255  40 206 135 199  24 255   0   0  78   0 128   0  71 154 255
255  60  24  24  24  46  88 204 186  24 233  24 224 137  40 255
255 114 156  93 177 103  88 255  56 255 103 177 167  68 181 255
255 208 232 253  26 199 199  44   0  68 250 255   0  33  40 255
255 208 232 253  26 199 199  87 199 199  69  56 199 232  40 255
255 255 187 250 255  88  30  19  19  88  88  88 250  88 114 255
255  60  24  24  24  46  88 186 186 103  46  24  24  24  60 255
255  40 206 135 199  24  88 229 229 166  24 199 135 206  40 255
255  40 151   0 135  24 250   0   6 250  24 135   0 151  40 255
255  40 213 151 206  24  88 151 114  88  24 206 151 213  40 255
255  73  40  40  40  60 114 208 208 114  60  40  40  40  73 255
255 255 255 255 255 255 255 255 255 255 255 255 255 255 255 255
255 255 255 255 255 255 255 255 255 255 255 255 255 255 255 255
255  73  40  40  40  60 255  40 208  40  40 255 248 168  73 255
255  40 213 151 206  24 187  81  81 104 104 175 105 123 127 255
255  40 151   0 135  24 250 199 199  93  31 124  15 252  47 255
255  40 206 135 199  24 255   0   0  78   0 128   0  71 154 255
255  60  24  24  24  46  88 204 186  24 233  24 224 137  40 255
255 114 156  93 177 103  88 255  56 255 103 177 167  68 181 255
255 208 232 253  26 199 199  44   0  68 250 255   0  33  40 255
255 208 232 253  26 199 199  87 199 199  69  56 199 232  40 255
255 255 187 250 255  88  30  19  19  88  88  88 250  88 114 255
255  60  24  24  24  46  88 186 186 103  46  24  24  24  60 255
255  40 206 135 199  24  88 229 229 166  24 199 135 206  40 255
255  40 151   0 135  24 250   0   6 250  24 135   0 151  40 255
255  40 213 151 206  24  88 151 114  88  24 206 151 213  40 255
255  73  40  40  40  60 114 208 208 114  60  40  40  40  73 255
255 255 255 255 255 255 255 255 255 255 255 255 255 255 255 255

255 255 255 255 255 255 255 255 255 255 255 255 255 255 255 255
255  73 127  47 154  40 181  40  40 114  60  40  40  40  73 255
255 168 123 252  71 137  68  33 232  88  24 206 151 213  40 255
255 248 105  15   0 224 167   0 199 250  24 135   0 151  40 255
255 255 175 124 128  24 177 255  56  88  24 199 135 206  40 255
255  40 104  31   0 233 103 250  69  88  46  24  24  24  60 255
255  40 104  93  78  24 255  68 199  88 103 166 250  88 114 255
255 208  81 199   0 186  56   0 199  19 186 229   6 114 208 255
255  40  81 199   0 204 255  44  87  19 186 229   0 151 208 255
255 255 187 250 255  88  88 199 199  30  88  88 250  88 114 255
255  60  24  24  24  46 103 199 199  88  46  24  24  24  60 255
255  40 206 135 199  24 177  26  26 255  24 199 135 206  40 255
255  40 151   0 135  24  93 253 253 250  24 135   0 151  40 255
255  40 213 151 206  24 156 232 232 187  24 206 151 213  40 255
255  73  40  40  40  60 114 208 208 255  60  40  40  40  73 255
255 255 255 255 255 255 255 255 255 255 255 255 255 255 255 255
255 255 255 255 255 255 255 255 255 255 255 255 255 255 255 255
255  73 127  47 154  40 181  40  40 114  60  40  40  40  73 255
255 168 123 252  71 137  68  33 232  88  24 206 151 213  40 255
255 248 105  15   0 224 167   0 199 250  24 135   0 151  40 255
255 255 175 124 128  24 177 255  56  88  24 199 135 206  40 255
255  40 104  31   0 233 103 250  69  88  46  24  24  24  60 255
255  40 104  93  78  24 255  68 199  88 103 166 250  88 114 255
255 208  81 199   0 186  56   0 199  19 186 229   6 114 208 255
255  40  81 199   0 204 255  44  87  19 186 229   0 151 208 255
255 255 187 250 255  88  88 199 199  30  88  88 250  88 114 255
255  60  24  24  24  46 103 199 199  88  46  24  24  24  60 255
255  40 206 135 199  24 177  26  26 255  24 199 135 206  40 255
255  40 151   0 135  24  93 253 253 250  24 135   0 151  40 255
255  40 213 151 206  24 156 232 232 187  24 206 151 213  40 255
255  73  40  40  40  60 114 208 208 255  60  40  40  40  73 255
255 255 255 255 255 255 255 255 255 255 255 255 255 255 255 255
255 255 255 255 255 255 255 255 255 255 255 255 255 255 255 255
255  73 127  47 154  40 181  40  40 114  60  40  40  40  73 255
255 168 123 252  71 137  68  33 232  88  24 206 151 213  40 255
255 248 105  15   0 224 167   0 199 250  24 135   0 151  40 255
255 255 175 124 128  24 177 255  56  88  24 199 135 206  40 255
255  40 104  31   0 233 103 250  69  88  46  24  24  24  60 255
255  40 104  93  78  24 255  68 199  88 103 166 250  88 114 255
255 208  81 199   0 186  56   0 199  19 186 229   6 114 208 255
255  40  81 199   0 204 255  44  87  19 186 229   0 151 208 255
255 255 187 250 255  88  88 199 199  30  88  88 250  88 114 255
255  60  24  24  24  46 103 199 199  88  46  24  24  24  60 255
255  40 206 135 199  24 177  26  26 255  24 199 135 206  40 255
255  40 151   0 135  24  93 253 253 250  24 135   0 151  40 255
255  40 213 151 206  24 156 232 232 187  24 206 151 213  40 255
255  73  40  40  40  60 114 208 208 255  60  40  40  40  73 255
255 255 255 255 255 255 255 255 255 255 255 255 255 255 255 255

255 255 255 255 255 255 255 255 255 255 255 255 255 255 255 255
255  73  40  40  40  60 114 208 208 114  60  40  40  40  73 255
255  40 213 151 206  24  88 114 151  88  24 206 151 213  40 255
255  40 151   0 135  24 250   6   0 250  24 135   0 151  40 255
255  40 206 135 199  24 166 229 229  88  24 199 135 206  40 255
255  60  24  24  24  46 103 186 186  88  46  24  24  24  60 255
255 114  88 250  88  88  88  19  19  30  88 255 250 187 255 255
255  40 232 199  56  69 199 199  87 199 199  26 253 232 208 255
255  40  33   0 255 250  68   0  44 199 199  26 253 232 208 255
255 181  68 167 177 103 255  56 255  88 103 177  93 156 114 255
255  40 137 224  24 233  24 186 204  88  46  24  24  24  60 255
255 154  71   0 128   0  78   0   0 255  24 199 135 206  40 255
255  47 252  15 124  31  93 199 199 250  24 135   0 151  40 255
255 127 123 105 175 104 104  81  81 187  24 206 151 213  40 255
255  73 168 248 255  40  40 208  40 255  60  40  40  40  73 255
255 255 255 255 255 255 255 255 255 255 255 255 255 255 255 255
255 255 255 255 255 255 255 255 255 255 255 255 255 255 255 255
255  73  40  40  40  60 114 208 208 114  60  40  40  40  73 255
255  40 213 151 206  24  88 114 151  88  24 206 151 213  40 255
255  40 151   0 135  24 250   6   0 250  24 135   0 151  40 255
255  40 206 135 199  24 166 229 229  88  24 199 135 206  40 255
255  60  24  24  24  46 103 186 186  88  46  24  24  24  60 255
255 114  88 250  88  88  88  19  19  30  88 255 250 187 255 255
255  40 232 199  56  69 199 199  87 199 199  26 253 232 208 255
255  40  33   0 255 250  68   0  44 199 199  26 253 232 208 255
255 181  68 167 177 103 255  56 255  88 103 177  93 156 114 255
255  40 137 224  24 233  24 186 204  88  46  24  24  24  60 255
255 154  71   0 128   0  78   0   0 255  24 199 135 206  40 255
255  47 252  15 124  31  93 199 199 250  24 135   0 151  40 255
255 127 123 105 175 104 104  81  81 187  24 206 151 213  40 255
255  73 168 248 255  40  40 208  40 255  60  40  40  40  73 255
255 255 255 255 255 255 255 255 255 255 255 255 255 255 255 255
255 255 255 255 255 255 255 255 255 255 255 255 255 255 255 255
255  73  40  40  40  60 114 208 208 114  60  40  40  40  73 255
255  40 213 151 206  24  88 114 151  88  24 206 151 213  40 255
255  40 151   0 135  24 250   6   0 250  24 135   0 151  40 255
255  40 206 135 199  24 166 229 229  88  24 199 135 206  40 255
255  60  24  24  24  46 103 186 186  88  46  24  24  24  60 255
255 114  88 250  88  88  88  19  19  30  88 255 250 187 255 255
255  40 232 199  56  69 199 199  87 199 199  26 253 232 208 255
255  40  33   0 255 250  68   0  44 199 199  26 253 232 208 255
255 181  68 167 177 103 255  56 255  88 103 177  93 156 114 255
255  40 137 224  24 233  24 186 204  88  46  24  24  24  60 255
255 154  71   0 128   0  78   0   0 255  24 199 135 206  40 255
255  47 252  15 124  31  93 199 199 250  24 135   0 151  40 255
255 127 123 105 175 104 104  81  81 187  24 206 151 213  40 255
255  73 168 248 255  40  40 208  40 255  60  40  40  40  73 255
255 255 255 255 255 255 255 255 255 255 255 255 255 255 255 255
