255 255 255 255 255 255 255 255 255 255 255 255 255 255 255 255
255   0   0   0   0   0   0   0 255   0   0   0   0   0   0 255
255   0 255 255 255   0 255   0 255   0   0 255 255 255   0 255
255   0 255   0 191   0   0 255   0 255   0 191   0 255   0 255
255   0 255 191 239   0 191 191 255 255   0 239 191 255   0 255
255   0   0   0   0   0   0 255 255   0   0   0   0   0   0 255
255   0   0   0 255   0   0 255 255 255 255 191   0 255   0 255
255   0 255 255   0 255 255   0 255   0 255 191   0   0   0 255
255   0   0 255 191 255 255   0 255   0 255 191   0   0   0 255
255 255   0   0   0   0 255 255   0 255   0  64   0   0 255 255
255   0   0   0   0   0 255   0 255 255 255 191   0 255 255 255
255   0 255 191 239   0 255   0 255  64 255   0   0 191 255 255
255   0 255   0 191   0   0   0 255   0 255 255 255   0 255 255
255   0 255 255 255   0   0   0   0   0   0   0 255 255   0 255
255   0   0   0   0   0   0 255   0   0   0  64 255 255 255 255
255 255 255 255 255 255 255 255 255 255 255 255 255 255 255 255
255 255 255 255 255 255 255 255 255 255 255 255 255 255 255 255
255   0   0   0   0   0   0   0 255   0   0   0   0   0   0 255
255   0 255 255 255   0 255   0 255   0   0 255 255 255   0 255
255   0 255   0 191   0   0 255   0 255   0 191   0 255   0 255
255   0 255 191 239   0 191 191 255 255   0 239 191 255   0 255
255   0   0   0   0   0   0 255 255   0   0   0   0   0   0 255
255   0   0   0 255   0   0 255 255 255 255 191   0 255   0 255
255   0 255 255   0 255 255   0 255   0 255 191   0   0   0 255
255   0   0 255 191 255 255   0 255   0 255 191   0   0   0 255
255 255   0   0   0   0 255 255   0 255   0  64   0   0 255 255
255   0   0   0   0   0 255   0 255 255 255 191   0 255 255 255
255   0 255 191 239   0 255   0 255  64 255   0   0 191 255 255
255   0 255   0 191   0   0   0 255   0 255 255 255   0 255 255
255   0 255 255 255   0   0   0   0   0   0   0 255 255   0 255
255   0   0   0   0   0   0 255   0   0   0  64 255 255 255 255
255 255 255 255 255 255 255 255 255 255 255 255 255 255 255 255
255 255 255 255 255 255 255 255 255 255 255 255 255 255 255 255
255   0   0   0   0   0   0   0 255   0   0   0   0   0   0 255
255   0 255 255 255   0 255   0 255   0   0 255 255 255   0 255
255   0 255   0 191   0   0 255   0 255   0 191   0 255   0 255
255   0 255 191 239   0 191 191 255 255   0 239 191 255   0 255
255   0   0   0   0   0   0 255 255   0   0   0   0   0   0 255
255   0   0   0 255   0   0 255 255 255 255 191   0 255   0 255
255   0 255 255   0 255 255   0 255   0 255 191   0   0   0 255
255   0   0 255 191 255 255   0 255   0 255 191   0   0   0 255
255 255   0   0   0   0 255 255   0 255   0  64   0   0 255 255
255   0   0   0   0   0 255   0 255 255 255 191   0 255 255 255
255   0 255 191 239   0 255   0 255  64 255   0   0 191 255 255
255   0 255   0 191   0   0   0 255   0 255 255 255   0 255 255
255   0 255 255 255   0   0   0   0   0   0   0 255 255   0 255
255   0   0   0   0   0   0 255   0   0   0  64 255 255 255 255
255 255 255 255 255 255 255 255 255 255 255 255 255 255 255 255

255 255 255 255 255 255 255 255 255 255 255 255 255 255 255 255
255  73  40  40  40  60 114  40  40 255 255 255 255 127 255 255
255  40 213 151 206  24 187  23 104 156 161  80   5 213 168 255
255  40 151   0 135  24  88  56  62   8   1   0 239 151 248 255
255  40 206 135 199  24 177 132 132 125 135   0 255 104 141 255
255  60  24  24  24  46 239 250 250   0 209 242 231  94  40 255
255 114  88 250 255 103 197  68  68 167 167 120   0   0  40 255
255 255 232  60 229 199 199 255 211   0 231 255 195  23  40 255
255  87 114 253 135 181 131  56  12 199  69  56   2  23 208 255
255 114 187  88 177 103 145 167 167 140 239 255  88  88 114 255
255  60  24  24  24  46 103 181 181  88  46  24  24  24  60 255
255  40 206 135 199  24 255  26 132  88  24 199 135 206  40 255
255  40 151   0 135  24  88 193 193  88  24 135   0 151  40 255
255  40 213 151 206  24  88 151  33  88  24 206 151 213  40 255
255  73  40  40  40  60 114  40  40 255  60  40  40  40  73 255
255 255 255 255 255 255 255 255 255 255 255 255 255 255 255 255
255 255 255 255 255 255 255 255 255 255 255 255 255 255 255 255
255  73  40  40  40  60 114  40  40 255 255 255 255 127 255 255
255  40 213 151 206  24 187  23 104 156 161  80   5 213 168 255
255  40 151   0 135  24  88  56  62   8   1   0 239 151 248 255
255  40 206 135 199  24 177 132 132 125 135   0 255 104 141 255
255  60  24  24  24  46 239 250 250   0 209 242 231  94  40 255
255 114  88 250 255 103 197  68  68 167 167 120   0   0  40 255
255 255 232  60 229 199 199 255 211   0 231 255 195  23  40 255
255  87 114 253 135 181 131  56  12 199  69  56   2  23 208 255
255 114 187  88 177 103 145 167 167 140 239 255  88  88 114 255
255  60  24  24  24  46 103 181 181  88  46  24  24  24  60 255
255  40 206 135 199  24 255  26 132  88  24 199 135 206  40 255
255  40 151   0 135  24  88 193 193  88  24 135   0 151  40 255
255  40 213 151 206  24  88 151  33  88  24 206 151 213  40 255
255  73  40  40  40  60 114  40  40 255  60  40  40  40  73 255
255 255 255 255 255 255 255 255 255 255 255 255 255 255 255 255
255 255 255 255 255 255 255 255 255 255 255 255 255 255 255 255
255  73  40  40  40  60 114  40  40 255 255 255 255 127 255 255
255  40 213 151 206  24 187  23 104 156 161  80   5 213 168 255
255  40 151   0 135  24  88  56  62   8   1   0 239 151 248 255
255  40 206 135 199  24 177 132 132 125 135   0 255 104 141 255
255  60  24  24  24  46 239 250 250   0 209 242 231  94  40 255
255 114  88 250 255 103 197  68  68 167 167 120   0   0  40 255
255 255 232  60 229 199 199 255 211   0 231 255 195  23  40 255
255  87 114 253 135 181 131  56  12 199  69  56   2  23 208 255
255 114 187  88 177 103 145 167 167 140 239 255  88  88 114 255
255  60  24  24  24  46 103 181 181  88  46  24  24  24  60 255
255  40 206 135 199  24 255  26 132  88  24 199 135 206  40 255
255  40 151   0 135  24  88 193 193  88  24 135   0 151  40 255
255  40 213 151 206  24  88 151  33  88  24 206 151 213  40 255
255  73  40  40  40  60 114  40  40 255  60  40  40  40  73 255
255 255 255 255 255 255 255 255 255 255 255 255 255 255 255 255

255 255 255 255 255 255 255 255 255 255 255 255 255 255 255 255
255 255 168 248 141  40  40  40 208 114  60  40  40  40  73 255
255 127 213 151 104  94   0  23  23  88  24 206 151 213  40 255
255 255   5 239 255 231   0 195   2  88  24 135   0 151  40 255
255 255  80   0   0 242 120 255  56 255  24 199 135 206  40 255
255 255 161   1 135 209 167 231  69 239  46  24  24  24  60 255
255 255 156   8 125   0 167   0 199 140  88  88  88  88 255 255
255  40 104  62 132 250  68 211  12 167 181 132 193  33  40 255
255  40  23  56 132 250  68 255  56 167 181  26 193 151  40 255
255 114 187  88 177 239 197 199 131 145 103 255  88  88 114 255
255  60  24  24  24  46 103 199 181 103  46  24  24  24  60 255
255  40 206 135 199  24 255 229 135 177  24 199 135 206  40 255
255  40 151   0 135  24 250  60 253  88  24 135   0 151  40 255
255  40 213 151 206  24  88 232 114 187  24 206 151 213  40 255
255  73  40  40  40  60 114 255  87 114  60  40  40  40  73 255
255 255 255 255 255 255 255 255 255 255 255 255 255 255 255 255
255 255 255 255 255 255 255 255 255 255 255 255 255 255 255 255
255 255 168 248 141  40  40  40 208 114  60  40  40  40  73 255
255 127 213 151 104  94   0  23  23  88  24 206 151 213  40 255
255 255   5 239 255 231   0 195   2  88  24 135   0 151  40 255
255 255  80   0   0 242 120 255  56 255  24 199 135 206  40 255
255 255 161   1 135 209 167 231  69 239  46  24  24  24  60 255
255 255 156   8 125   0 167   0 199 140  88  88  88  88 255 255
255  40 104  62 132 250  68 211  12 167 181 132 193  33  40 255
255  40  23  56 132 250  68 255  56 167 181  26 193 151  40 255
255 114 187  88 177 239 197 199 131 145 103 255  88  88 114 255
255  60  24  24  24  46 103 199 181 103  46  24  24  24  60 255
255  40 206 135 199  24 255 229 135 177  24 199 135 206  40 255
255  40 151   0 135  24 250  60 253  88  24 135   0 151  40 255
255  40 213 151 206  24  88 232 114 187  24 206 151 213  40 255
255  73  40  40  40  60 114 255  87 114  60  40  40  40  73 255
255 255 255 255 255 255 255 255 255 255 255 255 255 255 255 255
255 255 255 255 255 255 255 255 255 255 255 255 255 255 255 255
255 255 168 248 141  40  40  40 208 114  60  40  40  40  73 255
255 127 213 151 104  94   0  23  23  88  24 206 151 213  40 255
255 255   5 239 255 231   0 195   2  88  24 135   0 151  40 255
255 255  80   0   0 242 120 255  56 255  24 199 135 206  40 255
255 255 161   1 135 209 167 231  69 239  46  24  24  24  60 255
255 255 156   8 125   0 167   0 199 140  88  88  88  88 255 255
255  40 104  62 132 250  68 211  12 167 181 132 193  33  40 255
255  40  23  56 132 250  68 255  56 167 181  26 193 151  40 255
255 114 187  88 177 239 197 199 131 145 103 255  88  88 114 255
255  60  24  24  24  46 103 199 181 103  46  24  24  24  60 255
255  40 206 135 199  24 255 229 135 177  24 199 135 206  40 255
255  40 151   0 135  24 250  60 253  88  24 135   0 151  40 255
255  40 213 151 206  24  88 232 114 187  24 206 151 213  40 255
255  73  40  40  40  60 114 255  87 114  60  40  40  40  73 255
255 255 255 255 255 255 255 255 255 255 255 255 255 255 255 255

255 255 255 255 255 255 255 255 255 255 255 255 255 255 255 255
255  73  40  40  40  60 255  40  40 114  60  40  40  40  73 255
255  40 213 151 206  24  88  33 151  88  24 206 151 213  40 255
255  40 151   0 135  24  88 193 193  88  24 135   0 151  40 255
255  40 206 135 199  24  88 132  26 255  24 199 135 206  40 255
255  60  24  24  24  46  88 181 181 103  46  24  24  24  60 255
255 114  88  88 255 239 140 167 167 145 103 177  88 187 114 255
255 208  23   2  56  69 199  12  56 131 181 135 253 114  87 255
255  40  23 195 255 231   0 211 255 199 199 229  60 232 255 255
255  40   0   0 120 167 167  68  68 197 103 255 250  88 114 255
255  40  94 231 242 209   0 250 250 239  46  24  24  24  60 255
255 141 104 255   0 135 125 132 132 177  24 199 135 206  40 255
255 248 151 239   0   1   8  62  56  88  24 135   0 151  40 255
255 168 213   5  80 161 156 104  23 187  24 206 151 213  40 255
255 255 127 255 255 255 255  40  40 114  60  40  40  40  73 255
255 255 255 255 255 255 255 255 255 255 255 255 255 255 255 255
255 255 255 255 255 255 255 255 255 255 255 255 255 255 255 255
255  73  40  40  40  60 255  40  40 114  60  40  40  40  73 255
255  40 213 151 206  24  88  33 151  88  24 206 151 213  40 255
255  40 151   0 135  24  88 193 193  88  24 135   0 151  40 255
255  40 206 135 199  24  88 132  26 255  24 199 135 206  40 255
255  60  24  24  24  46  88 181 181 103  46  24  24  24  60 255
255 114  88  88 255 239 140 167 167 145 103 177  88 187 114 255
255 208  23   2  56  69 199  12  56 131 181 135 253 114  87 255
255  40  23 195 255 231   0 211 255 199 199 229  60 232 255 255
255  40   0   0 120 167 167  68  68 197 103 255 250  88 114 255
255  40  94 231 242 209   0 250 250 239  46  24  24  24  60 255
255 141 104 255   0 135 125 132 132 177  24 199 135 206  40 255
255 248 151 239   0   1   8  62  56  88  24 135   0 151  40 255
255 168 213   5  80 161 156 104  23 187  24 206 151 213  40 255
255 255 127 255 255 255 255  40  40 114  60  40  40  40  73 255
255 255 255 255 255 255 255 255 255 255 255 255 255 255 255 255
255 255 255 255 255 255 255 255 255 255 255 255 255 255 255 255
255  73  40  40  40  60 255  40  40 114  60  40  40  40  73 255
255  40 213 151 206  24  88  33 151  88  24 206 151 213  40 255
255  40 151   0 135  24  88 193 193  88  24 135   0 151  40 255
255  40 206 135 199  24  88 132  26 255  24 199 135 206  40 255
255  60  24  24  24  46  88 181 181 103  46  24  24  24  60 255
255 114  88  88 255 239 140 167 167 145 103 177  88 187 114 255
255 208  23   2  56  69 199  12  56 131 181 135 253 114  87 255
255  40  23 195 255 231   0 211 255 199 199 229  60 232 255 255
255  40   0   0 120 167 167  68  68 197 103 255 250  88 114 255
255  40  94 231 242 209   0 250 250 239  46  24  24  24  60 255
255 141 104 255   0 135 125 132 132 177  24 199 135 206  40 255
255 248 151 239   0   1   8  62  56  88  24 135   0 151  40 255
255 168 213   5  80 161 156 104  23 187  24 206 151 213  40 255
255 255 127 255 255 255 255  40  40 114  60  40  40  40  73 255
255 255 255 255 255 255 255 255 255 255 255 255 255 255 255 255
